-1.235514	-7.253172
13.366238	-19.023817
-8.904329	12.490638
7.273988	-23.590662
-11.078625	0.241957
-13.025329	16.674833
-16.625957	19.695478
-3.369129	32.702457
0.303647	4.56058
-23.370548	25.807873
-9.85739	24.874714
-16.51264	25.457909
-1.222954	5.913799
-5.149082	7.644118
-2.491594	-8.145388
-1.64634	15.265486
-23.230728	22.758097
2.426388	15.289936
-2.841009	-3.946375
-9.874984	24.84583
-18.324133	36.32791
1.758989	15.806314
-18.217299	19.587334
-18.6541	17.95506
0.469623	12.115065
-9.702351	24.556274
-20.92213	14.088037
-15.671402	31.382866
-15.800651	28.86128
-11.078648	0.241935
-15.882437	26.512651
-15.551558	29.37241
-5.130834	7.166496
-23.13042	19.618172
3.423921	-3.435492
-21.537952	15.709047
-22.778887	18.806917
-19.35524	35.924664
1.533081	0.481243
-9.481817	13.163441
-11.405373	23.248106
-21.330824	15.288711
-6.886916	1.445556
-0.206287	-7.15945
-21.173313	14.964046
-5.16131	7.629009
-11.38284	22.960777
-22.407684	21.26963
-9.533087	3.759426
-4.71103	7.231106
-15.629652	29.088196
-17.75062	19.856728
-22.949335	22.799522
-6.310142	28.235489
-1.48973	-7.112302
2.338045	4.907464
-10.94227	28.729137
-22.320225	17.510424
-11.310838	11.752427
-11.727421	17.607485
6.42135	-10.422893
-14.509196	25.61762
-9.746156	11.902775
-20.584423	23.588884
-9.855019	11.715983
-17.159084	29.29607
-7.103252	11.741525
-13.251881	23.884304
3.424092	-3.438016
-17.738796	19.405336
-2.419218	12.096787
-3.895502	16.445934
-4.913052	-7.521211
-1.074946	5.52257
-1.620778	20.15456
2.317631	3.525613
-1.548747	20.313223
-4.889452	28.32682
-11.727361	17.607494
-9.551299	24.850685
-15.179428	26.117643
3.857665	-17.364298
-22.945545	25.816557
-10.126445	15.121647
-8.964491	36.425545
-17.29421	34.4792
-17.73633	19.409079
-6.69005	7.368758
-7.207262	11.040998
-3.395546	32.759693
-7.141943	7.392808
-7.031712	11.729706
-11.37291	34.85953
-0.743788	20.200245
-23.902592	21.340643
-17.13893	29.88488
-17.831493	19.354448
-4.716328	7.632559
-23.038694	26.018442
-7.900104	36.236385
-2.490406	-8.144188
-18.469263	21.406519
-18.990799	34.424217
-3.214548	-4.441644
-22.777878	22.00363
-7.444906	11.432454
-4.953498	7.101898
11.77103	-24.121805
-10.994648	-0.542452
-8.905651	35.999695
-2.350933	15.01991
-22.255238	22.117859
-1.487619	-7.111362
-22.954466	21.63059
-23.37084	25.809843
-23.183199	25.653673
-1.171244	-6.244252
-22.648079	22.656944
-15.859056	30.105675
-22.439283	22.449772
2.892682	-4.892536
-20.962181	22.926836
-15.692878	29.89219
-23.25435	26.045332
7.622135	-12.273788
2.359454	-15.673238
3.737262	-8.214612
-11.0302	0.942374
-17.96059	19.910025
-14.705264	15.578217
-23.128601	22.131037
-1.131543	-8.943805
2.244259	-15.598901
-16.456215	35.6315
14.469043	-20.51695
-1.332343	20.473166
-1.558397	14.577254
-7.425097	11.235952
12.733792	-20.460987
3.75592	-4.641022
-23.80179	22.56033
-1.286062	-7.320832
-6.212266	10.154971
-1.671778	14.471692
-16.323814	28.738728
-22.76299	21.049501
-6.78459	11.40111
-18.653898	17.955156
-3.896057	16.446507
-8.123947	35.221382
-23.580929	22.706556
6.076369	-17.81925
-0.609294	-3.766425
-24.041904	21.615618
-23.026287	21.088749
-24.035486	22.26355
-23.636656	21.147087
-14.647419	15.49891
-11.406841	23.247545
-8.176137	36.69528
-8.267196	35.973824
-20.413437	28.716036
-12.935963	23.549627
10.297786	-18.308746
-7.308406	11.671102
-23.470694	22.02744
-2.445395	10.972059
-16.082903	28.695705
-0.581145	-8.093622
3.665242	-7.389556
-8.482706	35.32865
-24.08268	21.948702
-20.413755	28.716198
-22.29146	21.448326
-5.149176	28.08892
-8.748357	35.6207
-7.731098	35.213226
3.340782	-7.72574
-10.873126	28.878796
-8.219083	-1.072901
-18.195675	19.751623
4.663986	-17.696384
-15.589796	29.618868
-2.827716	5.513363
-9.144455	16.710875
6.929464	-3.57814
-17.747469	19.853642
-9.896584	24.796759
-18.324965	36.329346
-19.25035	35.573135
3.09475	1.263052
-18.324133	36.327915
2.317828	3.526583
-4.970364	-2.947859
0.469724	12.115216
-8.46437	36.327007
-17.151035	29.589943
-20.412489	28.715925
-10.926832	1.901707
5.998574	-5.15432
-8.833862	36.846577
-9.983454	9.369167
-4.594986	27.722086
-4.480225	27.939396
4.268325	7.161974
5.969086	-5.122374
-9.47106	26.047325
-5.387183	-5.806787
-14.173246	30.333443
-1.923096	14.680046
-11.425459	35.751728
-18.39402	34.98576
-1.825153	15.334017
-7.230698	11.047475
-2.084326	2.439722
-2.377874	11.89199
-17.593407	35.96779
-1.464855	19.685265
5.458704	-4.153766
-10.841687	16.384668
-11.511506	32.119343
-16.88198	28.830835
3.026633	2.369999
-17.023949	29.10238
-11.524183	11.324778
0.468782	12.114635
-16.946484	30.111536
1.253701	-5.758674
5.699716	-15.504793
-16.273415	29.350262
4.659734	-8.422091
-6.040938	23.12665
-11.613507	11.221945
5.709025	-6.731418
3.424074	-3.435687
-0.869661	19.716314
5.528096	-2.696685
-16.624788	28.724161
-9.529267	24.824764
-6.836774	22.035301
-11.780823	-0.638523
-4.431319	-5.989129
-9.071377	2.59119
17.334005	-21.612926
-2.210236	2.57029
-8.385916	2.378814
-1.308018	-0.918152
-12.06825	14.332905
-9.441323	31.614828
-7.551126	33.8645
-10.860507	-2.532699
-4.64619	28.293783
-7.8349	36.77292
-1.773168	-1.274366
-11.42546	35.751728
-10.039904	0.546112
-1.766668	-1.279481
-9.836021	2.355171
-5.991189	22.480106
0.814974	-1.817225
3.231041	-2.446747
-8.219096	-1.072906
-11.162452	16.618113
-7.78525	-1.817995
-3.705972	2.428564
-2.64026	2.053322
-2.653126	2.067111
-17.844355	33.37735
1.756207	15.802678
-7.78549	-1.81784
-3.21027	-1.4321
-2.668732	2.409322
-1.401908	-0.765617
-1.277849	19.596712
0.1057	1.964944
-2.400012	1.951957
0.03881	-0.043462
-2.936732	-1.056614
-9.257973	-1.968275
0.814998	-1.817416
-9.427067	31.622137
1.756628	15.803552
-7.321762	37.131413
0.433652	7.935381
-11.416596	-3.838117
1.757566	15.806699
-11.42546	35.751728
-0.842293	2.393076
-0.566979	5.835265
-0.566516	5.806602
-2.492054	-8.145208
-0.704929	5.54253
-6.88702	1.44548
-4.647489	7.456519
-7.302422	36.206112
-5.74314	22.026545
-11.714391	17.796534
-1.33704	-1.192704
-5.067704	27.70397
-7.576654	37.33888
-3.354945	-4.324168
-1.474196	-1.31485
1.75723	15.804367
-11.42546	35.75173
-20.410442	28.720259
-9.097381	3.53093
-6.185255	38.014923
-2.937214	3.489331
-2.157563	15.211189
-9.531914	3.761732
-2.097976	2.116029
-4.922642	7.736331
2.609464	-2.387984
0.433293	7.93578
3.027344	2.369537
-22.953072	25.787546
-0.928523	14.811692
-9.751279	24.557653
-20.00777	34.345146
-1.210139	-7.152185
1.253661	-5.758087
-1.202438	5.66577
-1.733356	-4.565028
-4.388915	-4.439984
-0.873836	20.39747
1.334388	0.50953
-0.900274	5.476938
-20.126377	35.024227
-2.950368	-4.429347
-5.23882	29.644436
0.587449	19.031439
-2.500307	14.722755
-23.336823	21.712927
-10.029808	9.333454
-11.898998	12.716548
-1.59385	19.87398
2.372242	-15.710732
3.49815	-6.753964
-8.219052	-1.072873
-9.533644	24.67506
-3.417572	-4.007288
-1.286064	-7.320832
-1.490371	-7.113387
-23.386106	21.02705
-0.885354	14.510236
-6.690776	7.369342
-5.76331	12.222169
-10.05841	14.890237
-2.497537	14.427291
-16.401098	30.268814
1.253701	-5.758674
-2.937093	-3.848205
-16.442005	29.542942
-16.695848	30.271654
-22.193735	21.832241
1.444177	-3.756754
-1.011434	19.627354
-10.814473	-2.556338
-7.942308	35.75643
-4.431157	-5.989116
-1.875936	-0.804815
0.815292	-1.816077
-2.792812	-4.124176
2.318485	3.526158
3.046614	-4.600514
-1.115341	15.071858
4.736012	-2.53092
-1.091827	14.030205
-20.41303	28.71442
-0.743063	6.091734
-5.783042	1.804429
-8.648764	37.119293
-1.667419	-0.686604
-6.393276	22.095854
-11.145308	25.942928
4.209012	-1.607146
-1.560521	13.821833
-0.933328	6.136203
-3.221743	-3.805876
-2.100578	13.990957
7.285578	-8.89638
-7.347349	-2.575914
-7.04776	36.917984
-5.155162	-2.743579
-9.851625	16.70154
-11.446529	17.159454
-4.758651	27.621553
-2.624326	2.482461
3.021971	-2.331802
-3.371136	-3.915872
-7.946996	37.410446
-1.106642	20.497002
5.343376	-1.075114
6.823968	-3.348202
-2.27553	2.59209
-8.219265	-1.072881
-8.657243	0.220414
-2.39272	14.151958
-0.950526	14.246486
-8.31892	37.332485
-5.103786	27.742575
-1.95347	13.899051
-16.45623	35.63179
-11.164166	32.247658
-1.412836	13.891956
-10.655394	16.41874
-11.772088	31.917114
-4.431628	-5.989092
-1.13339	6.059554
-6.874822	11.15407
-1.295211	15.156459
-3.014267	-4.45747
4.55055	-17.777306
-7.479776	35.82853
-16.137642	30.24666
-5.139898	7.17512
-18.999474	35.422276
-18.99955	35.422115
-10.346887	1.769434
-7.3325	35.305923
1.559324	-1.115467
-6.784683	11.394845
-9.116652	10.27498
-18.191833	19.510426
2.552926	0.548828
-16.38092	29.619654
5.116232	-1.400942
-17.842672	33.378876
-1.880094	-0.811428
-7.004048	35.522137
-5.079042	28.216963
-3.576214	-7.134508
-7.491796	36.486477
-6.799334	36.617134
-6.785913	35.831684
-6.692998	36.267735
-2.604798	11.24564
-2.122295	2.074198
-3.390391	32.753563
-11.163949	32.24804
-0.733472	19.992735
-1.119384	16.389818
-3.080581	19.378725
-4.520678	28.170017
10.9346	-32.400852
5.835778	-14.833298
18.020802	-27.508398
7.279736	-12.531132
18.288101	-20.792639
19.893028	-25.326948
10.353571	-24.675041
6.768749	-16.943836
4.46028	-30.426533
4.995904	-28.01186
19.43839	-26.158445
10.374583	-18.457346
8.303146	-11.326396
4.536622	-33.777023
0.639044	-21.804365
4.465842	-27.372988
14.242998	-27.23894
8.676836	-23.256998
9.734206	-12.098531
5.87559	-15.116396
7.418182	-21.252028
18.148188	-28.641205
18.770609	-18.724596
7.855466	-21.780584
7.347491	-23.696817
8.059968	-10.686254
13.210255	-18.048798
8.133188	-12.145459
5.53585	-19.225996
3.893708	-32.503296
5.222336	-18.454233
10.057259	-10.801685
11.131301	-20.996284
9.462022	-27.402067
10.106376	-38.67837
18.341532	-26.376772
9.128379	-12.305773
16.207928	-31.3727
8.655445	-37.80877
11.892905	-18.975945
14.491403	-27.99178
8.645754	-37.328743
14.768675	-30.814299
6.819489	-20.639788
6.029536	-15.823223
7.656482	-9.363669
11.467083	-38.30831
10.020943	-10.974237
19.101479	-21.635653
16.761303	-32.29741
12.070765	-24.028276
16.119577	-19.26693
20.468563	-24.188702
5.034744	-32.955387
18.907278	-29.220125
4.293988	-32.94378
13.135683	-18.46637
13.73891	-29.005827
16.989874	-25.487469
14.348093	-19.87586
14.875088	-32.98207
9.860378	-13.396105
12.434696	-18.473824
9.022954	-36.259808
14.003918	-18.512417
5.958468	-27.164776
15.823013	-21.038807
9.698952	-29.056524
11.249449	-26.438316
15.823837	-32.076427
12.905727	-38.853775
12.101457	-35.223446
17.181784	-20.240566
15.35658	-32.48266
3.94981	-26.401024
13.266824	-18.521662
13.34901	-30.650803
17.46033	-20.513893
14.339658	-28.25076
14.853209	-35.62451
13.172343	-29.925922
10.691252	-31.590416
16.011501	-32.98873
11.225768	-26.876202
5.552152	-32.970577
12.720534	-34.232197
3.9033	-30.754675
12.068467	-34.586002
11.170914	-31.09167
11.666101	-33.925694
10.314929	-32.186066
6.096863	-26.443459
6.24576	-27.738092
10.076577	-24.950712
-11.838519	14.78039
13.085858	-22.32217
11.913487	-25.321655
10.892553	-25.989147
6.639675	-26.531107
9.565512	-30.098064
12.641866	-22.810465
12.097879	-28.575172
17.562897	-19.147835
8.826646	-36.87807
5.09448	-25.82456
12.343152	-36.802586
15.973139	-17.795437
11.31892	-31.743488
15.67576	-18.139708
20.078123	-24.117155
4.536729	-33.777466
3.893832	-32.50345
12.725179	-20.71445
19.64606	-23.039413
9.044428	-34.64843
10.998178	-27.614397
18.354418	-26.009995
0.710838	-22.432657
18.529118	-20.47791
12.543093	-17.282915
7.91009	-27.41197
10.829963	-22.369057
12.543078	-17.282879
6.27793	-10.26582
10.632016	-12.477082
19.939934	-27.055195
16.410837	-17.952747
19.18381	-26.224747
10.875126	-33.221516
12.031135	-36.623802
5.905246	-18.592434
15.705202	-31.57886
16.868671	-19.284351
16.233091	-28.180239
13.023759	-24.094172
6.514318	-25.533642
11.508757	-36.41443
19.246145	-24.461456
12.075839	-25.945887
6.685394	-26.967585
0.66985	-22.291237
13.129339	-19.403727
12.820186	-30.228718
14.474668	-22.625063
18.827904	-24.03136
15.695629	-16.915161
4.881756	-24.068434
18.026043	-18.926128
17.206282	-17.98191
15.45545	-21.175644
15.629312	-19.907572
18.523022	-24.643858
16.467554	-19.902836
15.656817	-16.947952
17.77714	-28.373472
-11.635017	-5.125515
10.011571	-19.468546
16.399168	-32.520203
5.547526	-9.093409
8.513811	-34.707336
4.764214	-24.357252
10.737687	-14.351144
12.021681	-36.025818
17.762642	-29.844357
12.403322	-35.321323
13.417315	-31.416695
12.381863	-25.257944
16.995588	-20.719711
11.056147	-26.666897
8.999949	-34.624073
5.110154	-29.762003
12.500407	-22.435354
5.667938	-33.01971
6.111162	-33.34171
11.110289	-33.11733
5.687639	-24.7872
19.045132	-20.094751
4.134938	-25.343193
21.087011	-24.133244
13.10358	-30.956003
14.917297	-29.122686
5.75384	-10.923877
16.965624	-26.425476
5.381727	-27.506973
5.679828	-27.14565
10.865435	-25.579945
13.620827	-26.009499
16.11683	-29.624214
11.35747	-37.830086
11.115852	-28.009558
8.068219	-33.462902
-11.651013	-5.212252
6.408158	-9.497867
16.994654	-22.31203
14.015554	-32.87532
12.47986	-37.499043
13.980647	-30.86631
12.469186	-29.482704
16.596838	-22.475737
9.67768	-13.783468
18.903606	-24.673653
11.682845	-23.593971
12.401287	-32.080685
7.841952	-26.188583
12.883692	-31.539335
14.257457	-19.29847
6.001153	-30.138374
5.923402	-32.400826
10.865615	-28.193035
5.684898	-25.687742
15.657562	-28.31255
12.083831	-28.994583
11.496898	-32.622295
1.042192	-23.080853
14.979099	-24.772932
14.9772	-27.861795
17.215414	-19.001884
16.601887	-22.180838
4.989244	-21.574745
20.882078	-25.200275
9.963281	-26.985336
7.097938	-33.72674
20.670109	-24.09991
6.469658	-29.167301
11.846263	-35.565006
13.358435	-27.983294
5.334712	-24.041477
4.986464	-27.975904
11.177059	-38.198555
17.981743	-22.301931
4.844568	-23.253658
6.616898	-28.3004
16.305048	-29.65704
11.719128	-34.845013
13.947163	-32.91698
8.048257	-24.762045
4.07867	-26.687975
14.698814	-24.988075
14.808302	-24.962345
