-3.014222	42.90109
-2.98227	42.899395
-10.523486	29.074371
-10.411123	29.126392
-0.111977	-1.380871
3.25395	64.088936
3.711074	70.69355
2.952576	68.08865
2.408406	68.7064
3.314568	68.8105
4.030588	71.21326
2.153871	67.897545
-3.887834	55.91007
0.781213	64.301125
-3.749982	55.729366
-3.218794	53.442947
1.469543	63.37179
-2.846485	52.07403
-2.435095	53.89461
-1.960651	53.666275
-6.17214	47.334377
-3.413304	51.908855
-3.014523	51.727554
-1.304892	52.18211
-3.947349	51.120285
-30.609312	15.009179
-5.708388	45.813976
-6.440153	48.765938
-6.412248	48.775078
-7.327759	48.143517
-7.448758	48.131504
-17.419336	48.40301
25.066256	43.612255
44.794785	-15.141486
-13.013638	55.034073
42.22771	-35.95409
41.474995	-35.18393
20.431782	27.167904
35.00649	-15.792001
39.146248	-26.831402
27.490437	-19.126213
16.654686	28.923655
17.113756	28.819492
41.81484	-35.68253
21.569614	24.71954
30.203062	-4.34869
30.202295	-4.348348
39.63415	-18.264908
39.718468	-19.703293
21.79557	30.469387
22.123962	30.145092
21.617945	30.73913
21.231644	31.213148
21.121525	38.9846
20.231407	38.89091
20.375206	43.911167
19.576464	38.259525
20.601715	44.19919
20.884783	44.028576
21.62699	34.116512
25.110771	44.876625
25.704262	44.86565
20.058401	39.788975
-2.137405	49.062836
29.386547	33.594395
24.090256	-33.9033
-6.48207	10.109082
-17.917309	14.500715
-23.75548	-20.59733
-19.945581	12.858231
-16.081951	-33.730892
-19.935719	12.834147
-3.533121	50.780174
-5.946258	49.182667
-10.479014	25.958858
-3.222896	50.390854
-32.05952	-15.975691
-3.265806	49.70754
-4.244612	42.368073
-6.91512	9.63873
-11.965924	-18.9675
-18.76068	48.654392
-17.187147	46.978558
-31.355297	-18.871895
-32.116604	-18.403526
-32.32734	-18.089203
-8.314716	42.95398
-31.07939	3.073294
-32.181484	7.593772
-11.894604	46.559387
27.324755	21.270855
46.21337	-37.596718
27.236843	21.305246
46.480824	-38.98512
44.752792	-19.70452
44.552532	-19.629635
44.54305	-19.635681
44.008347	-22.728346
20.69507	46.50722
20.689766	46.443443
22.322174	37.273865
21.705744	28.748453
24.027994	27.615017
23.45379	26.532114
23.662943	25.809696
21.490202	-9.829385
21.32963	-10.088443
21.255438	-9.656875
14.879266	42.26163
-6.551102	8.618531
-6.708002	8.528828
-19.180979	-37.68495
-18.548717	-39.8895
-17.88795	-39.812565
-18.12311	-37.333305
-18.223682	-36.723843
-18.495949	-37.91702
-18.314777	-37.66011
-30.414257	6.296537
-30.815338	-16.704678
-30.845102	-17.427866
15.099891	38.1225
15.10214	38.120567
28.004654	39.69437
28.13647	38.556488
-24.479277	-40.484734
-33.31047	9.252585
-16.272196	-47.86252
-33.02394	-1.072994
-32.956665	-0.965342
-32.91777	-0.87382
-5.488651	44.891014
-27.844238	14.830124
-5.142069	43.75647
-33.79219	-18.471298
-6.727348	44.7929
-4.830674	43.729137
-13.964876	53.535446
-21.779673	17.456602
-8.03943	40.86082
-21.829357	51.767265
-15.353666	49.673977
-26.33134	12.960021
29.77176	-3.942299
38.587227	-29.52116
39.110752	-21.925299
-32.841934	11.718879
-31.98718	11.464099
-19.120134	-46.745117
-18.247849	-46.559235
-17.793722	-45.524864
-17.916239	-46.95378
-17.355846	-46.603664
-31.893368	11.630364
-32.273155	10.867167
-18.174475	-1.942898
-16.154654	-45.164837
-17.52102	-1.352297
-2.175791	-40.438236
-4.716593	39.31114
-27.678032	9.162291
-28.258118	10.483024
-0.679494	-33.55795
-26.129274	10.020996
-24.094608	14.597081
-26.829773	9.184497
-1.562259	-39.72343
-25.264921	14.838725
0.107729	-32.91503
0.563641	-33.807224
-1.516712	-39.762913
-26.408379	10.903822
-26.710846	11.545535
-26.746323	11.340428
-29.33586	12.556197
-15.821415	-0.682184
-30.952065	10.096028
-15.819551	-0.68282
-30.826794	9.92742
-30.826794	9.92742
-30.876726	11.168641
-17.045248	-44.793243
-16.598867	-44.866714
-6.212004	39.752228
-24.456593	13.933829
42.74017	-29.174902
42.793392	-18.00199
-26.099007	7.109155
15.371758	-60.931335
12.411571	-56.13127
-14.232293	44.65092
-14.136605	45.12849
-23.47773	50.035496
-13.688892	45.68167
-20.89939	23.201904
-6.31979	9.437487
-6.225218	9.35808
-5.915258	9.609171
-5.907504	9.325508
-16.71405	-30.848185
-24.731018	12.436268
-25.359026	12.481884
-0.01522	-32.68878
-25.582798	12.192739
-19.952312	-29.17427
-19.873116	-29.490995
-31.57449	8.185525
-29.669321	7.285698
-32.84195	8.176762
-29.63532	7.570792
-32.324234	8.146145
-16.40028	-43.55792
-17.278172	-44.34391
-10.613564	40.50325
-7.92206	42.849964
-10.849965	40.608955
-10.164791	-8.272813
-2.689244	-31.233597
-11.286911	-18.91586
17.082788	-20.476084
22.275885	36.86083
31.763103	29.3359
-25.300076	13.69818
-25.675873	9.225743
-0.360555	-15.423579
22.103676	34.83207
22.291054	34.88469
-0.190951	57.13589
-0.070898	57.211163
6.390674	-6.108003
0.202355	-35.51226
-24.086578	52.484993
-25.738047	51.91476
-25.481836	51.759865
-19.745872	19.268322
-24.014324	52.458115
-0.323198	56.894142
28.015186	-41.339535
24.21889	37.00208
25.69588	36.781647
25.176785	36.85166
22.164963	44.803307
28.975214	25.451426
27.819298	37.814312
0.540819	-37.227524
42.367195	-21.720083
25.25984	19.224457
-23.490147	11.705049
-7.362121	9.408913
-5.520796	43.892708
-23.660957	11.696588
-12.055724	-12.684771
-5.207036	42.97991
-0.026342	-32.167484
20.227488	35.412003
19.591581	35.328808
28.27742	28.28625
28.657389	28.404331
9.128328	-35.14662
27.203585	28.09577
-6.189907	39.76938
1.06811	-39.58031
1.224034	-39.718647
0.830665	-39.395607
-2.676784	35.19129
23.705683	37.624783
22.574286	27.839788
23.41975	28.668987
-19.224829	-46.06137
-19.264881	-44.98581
-11.589246	40.059467
-40.566654	24.95528
19.652552	-7.80208
-7.3974	37.492073
-7.110034	37.67937
-9.45988	23.4662
-7.174164	37.431652
1.693302	58.794403
1.487736	57.945667
2.077443	58.481533
2.291894	59.315514
-10.436298	36.232613
-10.614041	36.296993
2.515727	61.46907
2.812998	59.6603
2.523648	61.19295
2.722861	59.768215
15.766144	43.948296
17.038683	43.840664
15.639391	43.332863
15.411408	43.274494
-7.015372	38.848873
-7.119795	38.839577
45.192432	-16.906689
45.405396	-17.10485
45.19121	-16.792948
44.92256	-17.175594
37.111534	-4.328272
44.32838	-16.51026
42.482334	-21.407352
-20.345924	8.653888
-20.441881	8.702213
14.465297	32.733
15.140321	33.295006
-3.102183	48.503468
-3.833753	47.562492
-25.769697	11.495105
-16.21984	-36.696114
46.70461	-14.685855
46.66921	-15.068876
46.777306	-15.2051
46.16107	-15.486622
3.260012	58.248516
40.532364	-5.120302
40.429676	-5.028286
4.743998	57.20436
4.734482	57.205597
25.159086	45.85902
29.915936	28.670345
28.818369	29.849773
29.259327	29.737026
23.687286	25.189434
23.35585	31.999807
27.477978	25.694382
20.415335	-39.009335
-12.820241	52.74331
-13.992926	53.527977
16.646082	40.831257
17.259886	40.81724
-12.298861	52.488583
17.383087	40.86001
-9.513757	46.362923
-10.829042	46.943848
-14.272881	48.3939
-21.788635	17.45198
-10.607426	46.12567
-10.2397	39.931606
-16.263494	48.974106
-16.842827	49.43184
-7.435239	40.272213
-8.279557	45.626736
-8.161758	44.810818
-8.435816	45.748726
-15.521537	49.569466
-8.400988	40.61514
-16.700705	50.448734
-16.41798	50.159225
-17.338207	50.87941
-21.820005	51.773514
-8.400277	40.83684
-8.17726	40.483353
27.9813	39.305412
-20.2857	-12.46404
-20.354765	-44.331123
-22.91354	-35.985874
-20.859785	-12.550583
-20.08004	-12.915933
-20.18728	-12.667677
-11.433874	40.855133
-22.343302	-44.947445
-21.349375	-44.188473
-11.980144	36.451813
-27.363033	-16.42516
-27.358097	-16.430162
-11.847567	37.154224
-19.18617	39.17355
-19.574099	39.938454
-14.762239	34.830147
26.923698	-31.055523
23.661186	22.531775
23.626732	22.538832
23.624983	22.526848
25.374323	26.565763
37.429512	-0.994347
37.35062	-1.189519
37.44519	-0.992903
19.87123	29.126669
21.227974	38.95442
19.99431	39.113586
19.85756	29.100246
20.94728	43.954838
20.31613	41.313236
20.206476	40.266598
20.34382	41.706066
25.811592	44.858643
18.6916	37.62673
24.905054	29.498035
21.398252	42.32122
21.727655	42.60627
26.853151	-21.505398
-3.074494	33.900234
-3.401091	33.56981
-3.209847	34.536335
-3.283764	34.40086
-3.72117	32.774082
-7.54527	43.018654
-16.086418	-47.449547
13.712505	42.025856
14.226594	42.2559
25.424614	38.51404
24.610094	26.87934
19.999012	-3.944698
20.90071	27.902914
24.203514	35.525738
24.186565	35.49307
-10.680234	15.363807
-10.697192	15.463302
19.147911	43.782772
19.661383	44.72871
-18.339476	15.760104
-9.408592	29.613838
-11.905701	-32.143322
-11.634992	-31.858015
-11.872448	-32.189743
-12.046537	-32.0795
6.629016	46.5115
-10.819499	54.784294
21.969952	-6.097112
13.408895	49.185738
13.740017	49.102657
11.978506	49.029045
38.187145	-6.722472
13.431233	49.14519
14.131478	48.885506
23.425325	31.847153
17.751904	-13.789474
18.467262	39.095493
3.470494	64.72041
3.108616	64.41292
-14.619184	-31.246073
4.044315	63.595196
3.324591	63.958687
3.082326	67.66526
2.231702	68.49347
3.672565	71.51271
3.894382	68.60269
3.493494	69.123474
3.703407	67.836914
-2.304237	-36.13557
0.079522	-39.80347
11.975612	-54.988956
12.778372	-55.47006
-8.988132	39.667408
-26.22825	15.230008
-25.983097	16.531847
7.828566	-33.182102
-0.398352	-29.671644
8.306522	-33.930023
-1.302521	-31.30631
17.884363	-19.270746
2.13618	-33.639587
1.727494	-33.58852
1.18408	-33.33144
-30.114805	15.21061
-30.0836	15.23711
-17.428638	-45.305496
-22.572819	-8.536009
-15.624758	-42.551117
6.038693	-3.806835
14.991295	33.205795
6.113774	-3.932358
6.087892	-3.856392
-27.301722	14.175376
-27.112278	14.721723
-25.638987	17.639385
-25.583597	17.362738
23.700283	29.486998
-13.126411	49.807217
-27.99034	42.12455
-13.943604	50.045853
-12.231041	49.75033
-13.051983	49.780582
13.828053	-27.934034
12.17985	-53.47843
12.396402	-53.135193
12.694324	-53.241955
-28.051186	13.003489
-30.215595	9.291768
28.730314	38.439274
7.700311	-9.888989
3.869326	-38.126495
29.291868	37.743626
-32.99294	11.60377
-32.783604	10.835489
-29.33586	12.556197
-30.175085	10.627916
-15.790067	-0.685617
-29.838957	11.297101
-29.837406	11.296707
31.622044	18.410032
31.513983	18.27938
31.088844	18.251352
0.290539	16.391706
0.059979	15.740494
32.007797	-17.441854
38.857334	-35.487503
30.13924	17.68652
30.016802	17.060995
30.09297	17.088972
2.027651	16.799252
0.203055	17.680256
0.753383	16.228413
0.800553	16.349037
39.18039	-43.101494
38.02362	-41.199978
25.078222	-12.090627
38.68976	-41.073036
38.184967	-41.18949
24.831488	-11.984219
38.483173	-42.86146
-5.477556	23.130947
-8.854782	31.984447
-4.864208	22.091923
-4.955867	22.62278
18.115494	-52.44343
17.9164	-52.312336
17.644829	-51.6731
17.798065	-51.884544
20.840193	-51.158558
-3.291896	-22.049501
-3.731863	-22.117914
-4.158618	-21.92429
-3.727317	-21.572578
-3.727317	-21.572578
25.314613	-23.322569
25.963993	-23.952608
25.083479	-23.547195
19.732683	-49.122986
21.12242	-51.62213
26.723816	-24.933237
25.97857	-21.625263
25.058174	-20.181053
25.236618	-19.374634
24.883045	-18.88544
25.658611	-19.214958
27.588173	-25.560335
24.342255	28.560394
18.663572	-48.98774
27.355293	-24.419203
25.761494	-19.080795
36.22145	-33.815887
18.638205	-48.903316
17.846825	-50.56291
4.298054	-28.054089
4.33157	-28.199978
4.092116	-28.34392
4.714042	-28.472536
25.215519	-24.653198
24.57859	-24.270956
-3.237587	-29.090508
-3.464213	-29.134155
-3.911523	-29.123356
-4.475216	-22.758392
-5.33418	-28.930952
-5.311429	-23.130186
-5.511793	-24.067678
-5.05322	-29.88415
2.042772	-28.231106
5.508158	-28.316113
21.331003	-50.415573
20.89273	-50.03271
21.447456	-46.04955
21.642998	-46.380627
21.03752	-49.39575
20.989475	-48.672066
21.477314	-46.461346
20.157314	-49.22412
27.09528	-20.960012
26.944418	-20.351833
26.858385	-20.47755
25.762768	-18.076706
25.66365	-17.54759
25.788784	-16.863861
29.532085	-5.627356
29.627846	-5.865976
4.2558	10.562498
4.075912	10.543422
3.504976	11.062212
3.758938	10.079969
5.129168	6.776636
25.673162	-3.264253
5.139299	9.303009
32.03835	-4.479712
32.74244	-5.292568
-11.664217	50.365677
0.232153	17.705984
30.502197	-6.101959
-20.27709	-42.42273
-26.314114	-37.219395
-31.584723	-19.489273
-34.059864	-15.681202
-33.568226	-16.460497
-34.27522	-24.170546
-20.466604	-42.59611
-19.830332	-41.22084
-26.357872	-36.568153
-33.46312	-16.951426
-31.729486	-19.47323
-22.586523	-18.186289
-32.482597	-7.362198
-33.190678	-18.97595
-31.71536	-9.368405
-33.39117	-19.480116
-22.577087	-18.166212
-21.890272	-18.661095
-33.240242	-19.99046
-22.87602	-35.118427
-31.722984	-9.72659
-18.50311	19.93206
-21.555817	-18.344116
-18.412811	-33.446888
-17.963749	-33.426643
-18.16909	-33.2965
30.689812	28.98406
7.669014	-32.797787
18.479675	-12.063094
19.3731	35.331493
-9.601485	15.052554
-9.606423	15.057775
22.664827	-7.343848
23.362131	-6.163341
3.938056	8.710799
3.881617	8.83324
-11.519407	19.402353
-12.141347	19.288675
-14.733883	16.8243
-17.018883	19.389854
-15.213701	17.627333
-14.586993	16.02519
-15.598244	18.685814
-22.6456	36.73891
-22.703247	37.01587
-13.88111	18.653671
-15.600738	19.233267
-13.900648	16.495445
-15.283848	20.69073
-15.823793	20.942446
-14.392402	19.773952
-14.548862	19.779682
-13.655246	18.55282
-14.345256	-8.865492
-13.327445	-9.827995
-23.21029	41.35436
-23.325865	42.395237
-23.166752	40.05051
-35.06195	-8.795341
-23.62244	43.591206
-16.14002	25.281586
-16.262722	25.242664
-23.327364	46.199715
-23.55703	46.382576
-22.306986	39.58932
-13.327849	15.535261
-15.132882	-32.30145
-15.703862	-32.37335
-13.683442	-32.835583
-10.938629	-27.442736
-10.946736	-27.436436
11.944323	0.233797
-5.469318	16.309078
12.829214	0.311006
-5.536298	17.483582
-5.335816	15.361171
12.296373	0.330595
-5.500561	16.319767
-17.588205	-17.948423
-13.35304	-32.42994
-17.302065	-19.271755
-11.855563	-26.548307
-11.967012	-26.423723
10.497465	0.26744
10.4426	-0.253704
10.460757	0.895882
10.161592	0.332197
10.182155	-0.384116
10.240247	-0.707215
-16.061808	45.17159
-16.599524	45.310577
-17.197998	45.507362
-32.061653	-8.463168
-18.247204	45.963837
27.891127	-15.651993
27.367153	-16.72716
28.808641	-14.895583
28.428226	-15.034316
28.643639	-16.297447
28.609156	-16.289736
18.218542	28.808908
-3.381989	-24.249422
26.93653	-19.537592
-8.687078	-28.579536
-9.045161	-28.231426
-8.108032	28.464924
-9.144511	-28.64507
-8.084434	28.614576
-8.32711	29.27739
-9.866363	19.61376
-15.493946	16.745588
-6.103802	18.229326
-4.879031	16.731829
-14.061163	-15.83519
-15.815865	-11.791149
12.171093	-0.245819
12.747694	-0.991052
-15.547017	-11.733474
-15.374611	-11.79343
-25.827332	-38.075092
-23.365494	-39.395817
-17.512228	-40.320724
-16.860235	-39.23268
-16.947565	-39.47635
-22.65483	-38.674137
-21.779207	-38.860607
-21.736877	-39.110687
-22.64222	-38.677055
-21.777174	-38.854553
-15.226325	-23.637209
-16.742437	-35.93368
-15.276958	-23.118505
-15.577441	-22.613152
-17.69426	13.775346
-17.65558	13.809924
-14.977239	-21.304901
-15.012478	-20.993704
-6.435678	37.423473
-15.397538	-20.280272
-7.738485	36.10764
-9.817917	24.671614
-30.924244	-4.023277
-30.250704	-4.671668
-37.01589	-3.651725
-36.987633	-3.660888
-15.033783	-20.718813
-16.782373	-33.811363
-29.978098	-4.706672
-29.868235	-4.758948
27.44114	5.529701
27.514904	5.2228
27.410942	5.364166
27.834467	4.370199
-18.033775	34.170406
-17.919262	34.08671
-3.448199	21.418118
-1.572475	19.936415
-1.283752	13.34316
-2.323666	14.231721
-2.296101	14.919123
-17.070185	-11.147821
-1.878646	20.63892
-1.530421	19.895197
-3.583281	21.435328
-17.713106	34.022213
0.007682	12.304084
-1.957632	15.600161
-1.914262	15.682463
-26.408915	-25.541086
-26.401455	-24.602283
-26.546951	-25.966587
-24.60499	-26.079853
-24.826122	-26.657404
-24.244616	-34.27617
-24.069115	-34.900646
-22.946638	-30.444473
-24.831589	-33.799995
-21.502687	-21.319992
-21.34932	-20.984436
-21.942644	-21.251043
-21.204815	-20.859762
-25.824495	-22.911943
-27.081985	-31.289885
-25.86096	-23.788364
-27.008244	-31.890991
-24.910381	-23.002804
-26.014154	-31.80865
-24.782274	-23.177202
-26.581957	-30.505947
-27.643976	-25.5117
-26.578651	-31.888823
-28.791164	-26.432095
-28.857113	-27.2012
-25.542557	-24.198551
-25.087551	-22.47773
-30.349936	-29.524498
-29.75392	-29.233227
-29.75392	-29.233227
-29.680782	-29.73633
-29.75392	-29.233227
-26.570677	-34.708305
-25.917082	-34.836952
-28.364689	-31.541761
-27.800694	-31.08496
-27.211687	-34.464577
-26.099667	-34.690796
-28.141548	-31.133308
-28.336304	-30.59067
-25.940145	-27.639198
-26.017376	-27.649494
-26.210642	-29.199638
-24.875599	-35.32364
-24.500872	-21.117155
-24.89525	-25.884445
-21.591581	22.843218
-21.855347	22.712698
-38.580513	-0.563164
-22.719067	23.384832
-22.116398	22.482254
-21.95852	22.467878
-27.616762	-33.872124
-33.159527	-25.024717
-33.058697	-24.747875
-26.40682	-34.027657
-33.317974	-25.112192
-33.75949	-22.52099
-36.6238	-8.28001
-36.884567	-8.405313
-33.38988	-6.338022
-37.762234	-7.640004
-36.548298	-13.78305
-34.15585	-22.013687
-36.86293	-9.700093
-35.452847	-9.692279
-30.890114	-6.5616
-30.385757	-7.321858
-38.19936	-6.966196
-38.481777	-2.112146
-38.5166	-2.254532
-37.525078	-3.202825
-31.130548	-6.395018
-30.430687	-7.325474
-19.218536	44.072334
-5.178136	18.187262
27.421928	0.70136
27.820147	0.852992
28.831104	-0.316287
28.881823	2.03948
27.012497	-0.072026
-11.593935	-29.781202
-11.584046	-29.79425
-14.912898	-35.919193
-14.889023	-35.951077
-15.395169	-22.212069
-23.744768	-33.592625
-15.275077	-35.616722
-14.751397	-24.449175
-25.163235	-28.79483
-23.663212	-22.146393
-16.599415	-19.548714
-22.141064	-33.17097
-17.66055	-19.110218
-17.778034	-22.590202
-16.08916	-24.49609
-17.304256	-22.759771
-17.3044	-22.761585
-20.541006	-32.18053
-22.258904	-45.78979
-20.875895	-46.380554
-20.321205	-46.86342
-35.136555	9.086911
-21.425684	-45.435963
-21.134214	-45.708206
-1.095072	-30.503777
-9.105012	-9.428719
-9.161586	-8.62328
-1.92885	-33.468296
-1.874086	13.005231
26.086493	-4.67295
25.390652	-7.184208
25.30387	-6.483284
-9.056004	-10.100872
-2.327544	-34.33681
30.180367	-13.526277
29.468397	-13.851453
30.216946	-13.758173
28.201704	-21.51748
38.461285	-18.935884
38.489235	-17.788486
-0.980436	-27.772938
24.879292	-22.24782
-0.436562	-27.780413
-1.366659	-28.015215
21.696083	-41.782524
13.888799	-38.232933
22.41498	-47.14931
-1.326963	-35.419617
-2.523028	-35.04205
-1.67804	-35.10432
-2.50597	-33.20256
-0.593768	-28.73319
10.880667	-14.435528
-1.452814	-29.210457
-2.42186	-30.348078
10.639446	-54.721188
10.900165	-54.567627
-16.3018	-37.096207
-16.372963	-40.049637
-21.21156	-30.899933
-22.2669	-34.218925
-21.835522	-31.1244
-29.853807	-20.070265
-28.500702	-21.838205
-28.792992	-21.32025
-30.109318	-19.065563
-29.766672	-18.941807
-36.204243	-17.889385
-33.734356	-3.900612
-33.786568	-4.04277
-36.427162	-18.853426
-36.173943	-17.828348
-37.87175	-20.977295
-37.827297	-20.912424
-34.934437	-31.278847
-35.6959	-30.97826
-34.880157	-32.281044
-34.27659	-32.71636
-34.835255	-31.911556
-34.327957	-31.585274
-35.38397	-31.351807
-35.836506	-31.129969
-26.588287	-27.00478
-35.368683	-17.78421
-35.78253	-16.247498
-35.384502	-17.205276
-31.544895	-30.287434
-31.898405	1.806161
-31.761297	2.122242
-35.08589	-18.380775
-34.49806	-18.307121
-31.85164	1.886904
-33.791897	-5.850139
-27.487455	-28.512459
-27.1203	-29.141481
-29.879507	-31.068182
-27.89141	-29.838018
-30.331287	-31.106216
-27.836588	-29.83708
-30.593788	-31.737732
-30.548653	-31.886118
-34.72827	-2.917325
-34.117832	-3.405742
-35.0377	-2.782303
-35.2802	-3.10617
-37.584747	-20.40813
-34.656887	-30.398235
-33.14658	-4.577841
-37.207672	-20.13339
-38.487404	-15.609284
-38.50121	-15.367653
-37.76973	-16.336243
-38.277187	-15.2542
-37.506683	-17.178793
-34.561695	-29.100529
-37.077415	-17.645536
-33.855522	-31.087336
-35.507557	-1.507837
-36.135075	-1.372903
-32.648167	-3.050578
-37.151608	-14.810415
-10.78427	25.950283
-35.316994	-18.9082
-14.996903	36.037712
-14.945611	35.98016
-15.618222	42.228004
-23.428844	49.35714
-23.276455	49.18764
-15.912783	42.039867
-9.078175	33.360874
-18.204878	23.616936
28.108892	-3.039833
28.028305	-3.188386
3.994804	6.389854
3.848795	6.668064
0.020947	12.285561
0.625297	10.655799
-3.142573	20.059006
-3.047325	19.998919
-22.030964	42.696262
-8.420392	30.965786
-8.386658	30.793488
-22.034834	42.775185
-19.598993	44.144817
-22.251217	45.983112
-21.536737	45.86758
-22.05421	46.489265
-19.55891	45.982136
-17.106976	36.197742
-17.622025	36.52134
-21.33529	42.479992
-22.463148	46.54187
-19.835138	24.612913
-21.202644	45.53729
-19.791155	24.64824
-19.837788	45.942802
-8.844632	35.61827
-17.285252	16.654425
-9.899462	34.64007
-12.06827	47.30387
-12.750313	47.49194
-13.604426	47.755363
-21.948227	42.285046
-39.50419	-3.853782
-21.39398	42.380672
-22.625319	46.944874
-19.75143	24.659338
-19.910664	46.013927
-17.948254	17.797869
-17.356255	16.889463
-9.698505	34.644966
-7.371361	45.446823
-9.424261	35.04931
-6.292531	38.34271
-15.483371	15.898123
-29.206284	-3.357384
-14.946716	15.022082
-7.03709	-29.077894
-8.282864	19.117891
-14.988965	14.935273
-6.415358	20.651346
-6.004372	21.539726
-6.433718	19.673632
11.096715	-1.03776
-6.46471	19.372717
-7.062512	20.773172
-10.37128	20.398153
-7.185752	23.236954
-10.517888	20.454556
-10.302713	-23.172384
-6.495765	23.593546
-6.285818	23.875362
-21.452303	40.490013
-6.159496	24.15698
-16.853651	-23.51638
-30.694859	-9.102874
-32.030624	-9.36613
-34.76593	-5.117928
-36.615986	-7.767442
-38.63649	-8.155622
-38.69325	-7.714274
-38.854355	-7.532736
-39.975697	-6.680704
-39.522198	-8.875885
-39.62729	-9.294166
-35.847885	-6.621065
-39.646107	-9.33466
-35.292953	-8.436102
-23.463362	-8.374232
-19.538431	38.164467
-22.906792	-8.501588
23.205877	-34.718193
37.229225	-31.889355
10.635815	44.304707
-16.692055	56.78029
-16.633835	56.710976
-16.563393	56.64833
-25.021711	49.48267
-22.53204	44.029125
20.965073	-0.56687
37.985783	-19.691908
20.512726	-0.468844
37.07759	-25.097391
20.156616	1.94859
20.282827	2.188854
30.527905	-12.305765
31.83439	-12.539974
30.38805	-12.523646
23.734337	-19.023401
30.999315	-12.898684
24.280426	-4.623744
21.776	27.508821
34.766556	-3.264792
24.83129	-5.192048
24.742992	-5.315832
31.23298	-3.589607
20.887196	26.766113
30.90173	-3.714164
38.676197	-15.1694
36.657944	-15.227256
38.035324	-17.351711
32.27449	-10.024171
31.912024	-8.375442
32.4061	-10.334127
38.113434	-16.325872
33.338974	-10.316533
33.813824	-10.497581
33.014767	-10.375936
32.823475	-11.174753
33.11417	-9.538703
33.151974	-9.232671
44.12411	-34.19469
36.749397	-20.311495
43.503506	-37.478493
43.479874	-36.737385
42.789185	-36.62254
44.175446	-34.149345
37.90302	-15.05898
38.42152	-21.018501
38.668034	-23.127897
38.39496	-20.620604
35.07863	-13.600463
33.905773	-15.678144
37.524742	-18.09719
37.52467	-18.096888
39.633717	-42.085835
36.027283	-14.060415
44.739727	-40.045296
45.10231	-39.892227
45.080654	-39.377014
44.854824	-38.7828
33.38156	-7.679136
32.85086	-6.259966
37.93827	-14.185009
41.285027	-17.280725
39.670364	-15.624628
31.66574	2.430384
24.170277	43.369297
34.626335	-6.858676
42.601185	-16.715977
-11.3028	-18.129862
-2.980349	-35.167164
-2.883475	-36.25308
-10.824135	-16.767338
0.804826	6.651459
-24.005629	43.432777
-21.681528	41.084015
-30.402424	41.66661
-15.077821	-30.34943
0.649272	7.247104
-14.888048	-30.282516
0.492218	7.804846
-3.631412	16.402822
-16.755577	-15.714356
-16.643509	-15.82977
16.920898	42.71332
-3.958759	16.73626
-4.77932	-25.66087
13.852655	-53.268818
-12.607169	-16.935244
-13.644981	-11.802463
-0.326776	-21.621077
14.321604	-53.17931
-12.557677	-16.957731
6.051224	-29.925905
15.264933	-52.89513
-6.544512	-25.956009
-14.333374	-17.119202
-5.578742	-25.924896
-14.879734	-17.432522
-15.413157	-31.239363
-15.616897	-31.178068
-4.993678	-25.99931
10.169467	-52.692596
-10.523296	-16.40049
-10.886037	-15.671619
-11.240053	-15.563737
-11.209206	-23.402328
-14.700331	-14.622102
-10.012197	-22.597883
-14.044846	-11.387699
-14.678157	-14.418711
-1.577563	-21.824526
-10.189262	-14.869231
-10.338482	-14.934767
-4.132248	-23.12326
-3.003742	-26.491877
-6.054153	-28.711166
4.843026	-29.211884
-5.858037	-28.757494
21.78885	-47.99282
22.002766	-48.47771
-1.416805	-24.99494
-0.938978	-27.308517
-1.493904	-25.03694
22.991665	-9.938225
25.46043	-20.78988
-14.060853	55.483913
-15.546763	55.995636
39.42038	-29.254894
39.290222	-32.18247
33.16257	-16.102098
33.634274	-14.127173
39.35914	-28.095901
30.314623	-3.035452
30.486795	-2.679376
29.30633	4.200046
29.297565	4.725146
29.545197	3.876508
4.829857	7.688638
27.61611	-5.343823
27.716738	-5.375118
28.145903	-4.944328
28.292791	-7.089247
39.130123	-17.30301
39.53615	-17.513699
-20.29482	41.318108
28.762058	0.996211
-24.518438	41.02141
-24.617212	41.064182
-24.83505	49.818756
-31.403402	41.525524
-16.069029	17.229893
-18.081009	20.090378
-13.88868	-10.692624
-14.952261	12.375325
-16.799173	21.227274
-15.314801	-16.65189
-17.929882	22.361525
-13.776397	22.383541
-16.318256	19.956423
-18.144003	22.605606
-16.935387	22.182737
-14.247036	-8.738394
-17.127777	23.285162
-19.1802	22.77709
-15.360723	24.464256
-15.380344	22.907063
-14.953864	24.683193
-15.959522	24.505384
-24.5152	37.61001
-15.013909	-9.188003
-24.606373	38.48719
-23.994001	38.355133
-24.487583	38.23241
9.702677	-3.060386
-6.293156	-22.940207
26.126717	-5.199624
30.82308	-9.097178
-9.251363	-22.844805
29.060942	-1.89889
1.191144	0.628177
1.147872	-1.075872
4.451626	-35.205765
1.144237	1.195103
1.309834	-0.556615
4.439811	-35.217155
1.147913	-1.036043
1.302447	-0.47392
4.463828	-35.18657
-4.187158	59.234024
-6.578817	59.10879
-7.125365	59.10166
-6.575254	59.109318
-5.283078	59.037502
-4.35688	59.24898
-4.30834	59.248318
5.518942	24.57042
-11.186217	0.075561
-11.191384	0.134452
10.751282	33.08713
-11.712779	-1.166379
-11.695938	-1.511702
-11.174193	-1.230781
10.951219	33.18304
-11.311948	-1.364874
-7.652804	1.901703
-7.77196	1.91602
-8.684322	-8.002596
-8.379854	-3.307474
-8.847181	-2.502058
-9.168794	-2.614018
8.480044	-9.233563
16.126392	23.015793
8.885341	33.279705
8.763957	33.322906
4.235316	44.070587
4.22952	44.172752
4.331532	43.759468
6.356359	40.798298
7.29989	34.09969
7.103673	34.266792
8.264156	36.187126
-26.444883	47.58226
-26.562979	47.554134
-26.560427	47.77065
-33.302673	45.6696
-38.86989	39.214928
-21.289892	-49.059837
-21.836914	-48.764454
-21.955246	-49.23549
-22.336624	-48.781574
-21.424532	-49.489704
-47.188007	13.09696
-48.485367	13.311477
-23.003988	-50.221764
-22.555283	-50.438545
-23.11767	-49.760887
-22.462605	-50.05053
-21.81617	-50.32229
-47.85769	13.042299
-47.30228	13.696188
-47.564884	13.75745
-47.440582	13.701385
-47.90732	13.926067
-22.85921	-49.315083
-46.492058	27.575817
-46.495667	27.77152
-46.5058	27.992893
-53.26175	39.96291
-46.405033	37.579884
-53.550327	40.631924
-53.43302	40.68678
-53.453327	39.74647
-53.78736	40.05883
-53.83857	39.791775
10.929651	49.98921
10.789407	50.393833
10.247766	50.216217
11.179884	49.584023
10.054139	49.22696
9.506073	49.421093
9.750753	50.41677
10.316831	49.310467
10.453467	49.022995
9.238268	49.85163
5.39731	37.392593
5.284896	37.876373
5.767856	37.562984
5.809694	37.104275
6.164092	36.81891
6.205876	36.990658
14.859653	-14.94646
14.411633	-14.319493
14.056011	-13.775107
13.769763	-13.805845
14.632527	-13.493247
-7.758524	0.761713
-9.111401	-5.691424
8.862165	-10.135307
5.567096	-11.209228
5.55486	-11.218206
14.934594	16.773718
15.25286	16.496075
13.470036	17.18314
15.904965	16.823286
15.685459	17.164354
15.400177	16.886503
7.855011	-11.563212
7.85852	-11.501667
-8.976336	-6.694072
-5.992841	0.580998
-6.782912	0.238043
-6.742057	-0.393967
-5.769603	-1.455073
-26.366179	49.400375
4.735804	40.109226
4.960762	40.059322
5.494622	39.766228
6.45936	39.259087
7.272418	38.460205
7.849306	37.87736
16.371786	15.680368
15.856337	14.947233
15.429709	14.156266
15.421889	14.645237
15.592541	13.955429
16.104519	14.512609
8.833141	38.23204
8.596599	38.748047
8.269781	38.88886
8.060186	39.112366
8.548537	39.596886
7.498747	39.35741
7.925576	39.868958
7.387814	39.720768
38.199703	-3.929338
-42.788513	22.612244
-41.330048	22.223698
-42.710224	22.652308
-41.1345	26.178028
-40.99192	26.52807
-40.73872	25.860332
-13.961001	-3.300426
-14.076365	-3.789842
-14.079887	-3.980981
-13.871299	-3.303648
-39.799767	24.493198
-40.268303	26.030876
-39.932392	26.422464
-39.660454	27.05174
-39.900597	27.056095
-39.762257	38.698856
19.26064	1.686673
17.194298	12.090489
17.252918	11.773595
20.729227	-34.16501
21.230196	-33.552433
21.060352	-34.306824
20.7258	-33.07695
21.748436	-33.218445
21.629028	-33.56312
20.28763	-33.127666
20.057066	-32.61591
21.14296	-32.78907
20.449488	-32.34593
20.788092	-32.09129
21.782553	-32.59409
18.73322	-5.451837
21.333006	-32.03702
18.764566	-5.451794
18.72243	-5.475558
7.608742	41.661102
17.995161	13.871698
18.33586	14.082717
7.890666	41.64834
6.437828	42.0266
16.153059	12.190701
22.545794	-32.180317
22.467987	-31.71892
-7.269244	2.973444
-7.298082	2.838924
6.738556	24.992895
7.473642	24.885777
7.849148	25.229534
7.495648	25.551886
6.475734	25.610441
7.155003	25.473106
6.709102	25.865557
6.854901	27.67626
6.983238	27.743818
7.269387	27.535074
4.765526	27.488382
4.675906	26.82245
4.394532	28.527046
4.579425	26.881504
4.547692	29.058193
5.022588	28.919294
5.501705	28.145597
8.124806	27.839558
9.190175	26.67485
9.533431	26.737665
8.640287	27.089052
9.007103	27.344843
9.478555	27.48594
9.532372	27.066841
17.2199	23.193216
16.958136	23.41219
17.57599	23.637703
18.052164	22.717941
18.00515	23.358873
17.812271	22.66729
18.186058	23.115685
14.926565	-12.273435
15.163901	-11.907658
14.436872	-11.578284
14.846013	-11.517074
14.140578	-11.958528
14.599904	-12.252355
18.120935	-0.774991
18.037127	-0.697399
17.355507	19.915876
17.295664	19.876715
17.974342	0.000464
15.263973	20.39373
15.092889	20.333633
15.077512	20.357891
8.422856	31.234331
7.703844	31.448515
7.983759	30.609467
4.609102	30.329298
4.331348	30.433361
7.284106	30.734789
7.503867	30.714172
3.658369	30.358946
19.868303	-6.443068
20.458586	-2.597648
20.687208	-3.217986
33.94303	-21.269823
33.9335	-21.310593
20.74261	-2.05254
21.048443	-2.505006
21.141233	-1.837282
21.668856	-1.583722
22.165075	0.533042
22.170168	-0.130362
1.843153	38.500183
2.630968	39.010166
3.498093	38.19944
3.304025	38.343105
6.768304	32.869797
7.125142	32.65274
3.414556	39.191032
3.965382	38.697186
23.30635	0.259071
-34.48602	44.069214
14.600669	11.397481
15.283484	11.299691
15.618576	11.282133
15.031038	10.550332
14.157128	10.862431
14.553473	10.126988
14.501314	9.90875
13.980006	9.946531
13.904153	10.452658
-11.000414	62.84425
-10.972207	62.853245
-10.988271	62.90759
-11.061463	62.382023
-11.039704	62.375416
6.590854	24.471539
7.65974	24.382938
6.2133	23.276512
-4.31383	-4.255351
-7.535075	-0.371622
-5.796384	-3.706323
-5.654868	-3.987965
-5.740971	-4.416971
-5.434852	-4.702507
-3.231142	-7.406736
-2.188537	-8.4669
-1.930131	-8.568059
-1.925387	-8.570353
-2.872969	-7.633046
-7.758653	-2.163558
-40.5676	29.418926
-38.0311	30.16886
-38.159313	30.190006
39.3093	-9.883821
39.366467	-9.969641
39.302837	-9.838378
16.112505	-12.787505
15.630593	-16.190453
15.241475	-15.917521
14.937399	-16.796877
14.637804	-15.959787
15.126875	-16.50409
14.647754	-16.215038
13.359435	-15.179538
13.125871	-14.997003
12.582839	-16.0699
12.694324	-16.255247
13.171459	-16.706947
13.050809	-17.11551
12.860999	-17.959866
12.322105	-18.012917
13.027576	-18.693666
12.843868	-18.948551
12.502184	-18.970201
12.436159	-19.391554
12.745364	-13.45123
15.794265	-14.296955
15.587755	-14.167619
13.936721	-17.021057
8.556945	-12.487051
8.495967	-12.735967
8.84006	-11.307732
-40.065388	19.71152
-40.91125	19.378874
-40.491318	19.597868
-41.11348	18.832197
-40.712048	18.559427
-39.821148	19.139208
-40.442326	19.127024
-40.081806	18.668371
-40.54492	21.062174
-40.9577	20.118797
-39.29181	25.349834
-39.417698	25.34528
-41.930645	25.892862
-42.10762	25.958153
-43.39376	26.576593
-43.38463	26.721888
-46.0737	19.328459
-45.83714	19.371128
-46.106068	20.58952
-46.592594	20.468948
-46.610813	20.052216
-46.17405	20.116861
-45.96135	20.27131
-44.75146	19.512274
-44.727722	20.733624
-44.71497	20.438162
-44.69359	21.059574
-45.97622	21.752008
-46.243275	21.79026
-46.499348	21.727777
-52.848495	38.528652
-52.83459	38.529575
-42.525795	27.845566
-8.898911	-0.538397
-8.886369	-0.551866
-42.598213	28.92812
-42.58697	28.951216
-41.56769	28.69301
-41.500088	28.502323
-41.654472	28.739473
2.283549	-42.890045
3.43357	-44.98603
2.346807	-42.876976
14.34342	-57.21078
14.656984	-57.596287
16.438873	-60.86213
16.723984	-60.008728
17.007399	-59.90982
17.969007	-60.36452
17.107336	-60.569756
17.49555	-60.368954
19.396664	-61.322807
19.062775	-61.559143
18.551043	-61.3667
17.729385	-61.218307
16.054226	-59.596992
17.455132	-59.58906
6.835114	-19.859125
7.013062	-19.61535
6.751222	-19.452291
6.952843	-19.168734
7.214028	-19.120771
7.604783	-19.759216
6.36537	-39.673206
6.133214	-39.92684
6.585658	-39.296947
7.118835	-39.631996
6.953784	-40.214996
6.601602	-40.450912
7.43447	-39.973408
7.580841	-40.55644
7.061047	-40.797962
3.401526	-42.806046
3.424163	-43.071224
3.831396	-43.504223
10.137254	-49.073006
10.765678	-49.656723
27.628828	-57.920574
26.548985	-58.16966
26.543362	-56.57283
14.206309	-48.150517
13.097774	-47.21591
12.573042	-46.867134
9.174405	-43.52863
9.010469	-43.381783
8.344932	-41.757732
8.620343	-41.82249
9.098894	-42.003063
8.651807	-40.58684
-5.397981	-7.605615
-5.20998	-7.307398
-4.686824	-7.240386
-4.68947	-7.27894
-5.987518	-7.102488
11.797999	-38.538204
14.252452	-46.722733
12.270865	-39.33694
11.275431	-37.8546
-3.199792	-8.914167
-3.20254	-9.010834
-36.25326	29.814474
-36.624733	38.399445
-36.20359	29.877617
9.16676	-35.98809
14.819013	-42.89489
28.611486	-51.70199
33.52764	-47.1063
15.688803	-41.77024
15.922115	-42.552753
15.43988	-42.463337
15.549261	-41.295174
28.037731	-42.686867
-38.03334	19.966578
24.086313	40.30613
24.077751	40.30593
2.607571	67.34729
1.125273	65.15314
-18.312477	51.863422
34.51822	-40.736416
31.76858	34.232414
31.758724	34.2312
25.405434	22.74362
37.062668	-24.091736
-10.920718	53.657085
37.235825	-35.863365
34.030293	-53.987663
33.44524	-54.38815
28.912697	-40.859104
33.786194	24.795862
34.316753	-40.710117
-40.32599	-8.968814
26.29196	21.553629
43.88653	-25.21069
25.845076	21.674942
43.671497	-24.77193
43.947994	-24.185663
43.970955	-24.475851
45.540237	-18.24234
45.77308	-18.32096
25.276869	19.398405
34.21095	-17.037848
34.23251	-17.028502
21.580359	24.716597
39.629906	-18.864147
40.63148	-16.044992
39.89005	-19.439854
39.27401	-29.801966
40.165413	-29.63907
39.55644	-21.065813
-28.125406	11.010659
-27.994225	11.035304
15.150313	-59.957855
16.830788	-61.61013
-34.53055	10.909157
-17.69267	-48.15388
-29.315346	17.84687
11.159265	-28.960562
35.732906	-39.370373
38.14041	-33.418625
31.201704	25.809507
29.592026	0.53876
30.37238	-41.42074
32.709724	-52.0447
17.123888	-20.609653
34.514362	-52.173443
25.589012	-39.867058
34.251083	26.403757
30.101143	33.90544
31.081146	33.499928
32.50283	-53.502712
30.802505	-51.840603
30.92199	-54.55541
23.756023	-39.250305
30.871252	-34.279404
30.786963	-49.105274
30.82542	-34.33666
30.786354	-49.10417
12.418769	-52.271152
35.277122	27.008696
31.083355	-42.974808
32.87529	-52.737156
33.54485	-39.93352
30.488644	-45.01702
32.914013	-51.51831
24.24043	-38.985737
32.31006	-49.555676
32.238575	-49.551487
31.457468	-46.41446
32.30093	27.924759
26.199747	38.781296
35.25607	26.370928
32.140205	-54.78397
28.750307	-50.55084
30.583315	-53.772305
30.414421	-53.561287
22.900026	-38.514523
35.25607	26.370928
30.496157	24.713242
19.669394	-36.936604
19.714907	-36.895695
34.308224	26.948214
27.193342	-51.20846
28.328531	-55.336857
28.275486	-54.61209
17.581438	-41.23509
29.580074	-54.730213
29.065756	-53.080055
28.776905	-52.94789
18.29147	-40.21786
16.763361	-40.050808
27.157534	38.090588
-1.316066	-14.883931
-25.791132	8.234376
11.09181	-47.182236
11.508387	-47.282364
21.232853	-57.76939
10.184919	-36.27905
25.33531	-57.554707
21.242048	-57.80811
-0.216594	-40.48033
27.557625	-42.290543
18.35663	-40.15992
1.482538	-17.608112
15.733143	-39.082775
-0.456903	-15.365788
30.107624	-43.375294
26.278751	34.5554
30.02283	-43.43008
20.360624	-12.19966
29.571928	-51.29324
28.44557	-41.72831
38.607388	-31.45649
38.725033	-31.423033
21.755009	45.086323
45.31637	-40.57194
46.17079	-40.89127
13.930081	53.52483
13.677981	53.712387
35.63861	-50.022614
35.7799	-47.559498
32.036926	-41.620556
35.681	-49.818104
29.25373	25.53892
22.775743	-38.199635
34.849316	-30.44184
17.181738	-32.801914
31.205841	-32.790054
35.196228	-2.00611
31.201715	-32.785294
19.286535	-29.27177
30.592915	26.685705
19.88062	-34.13639
20.642385	-31.148775
12.765461	53.123455
11.29403	45.222763
13.1191	53.16611
12.608533	53.005062
11.797138	53.490517
-12.96703	55.103237
22.840748	33.008095
23.858175	-34.913162
36.8424	-24.731668
27.708254	-49.423397
27.902973	-49.554806
27.632502	-49.302986
-17.523792	-48.309837
29.012545	35.42548
28.462975	25.684961
22.964458	-33.44975
19.585348	-7.81683
29.613106	35.057373
32.70005	26.393768
35.005165	-2.359022
22.20212	35.794685
29.787378	26.27574
21.893559	-38.873165
43.59903	-22.165073
29.721672	28.468115
31.250797	28.432875
30.661016	27.704239
30.698898	27.673578
30.845324	30.554344
39.107742	-23.026781
28.574018	-40.895542
28.970175	-49.332096
27.219145	-40.476128
1.428415	-17.552591
21.099573	-39.693546
20.665262	-39.88075
25.198795	-31.63077
26.774673	-31.17518
26.738222	-30.796589
20.090538	-15.378644
24.796253	37.327538
24.064253	26.13005
35.40993	-29.797697
-18.581322	-2.374686
15.613952	-64.67256
15.580477	-64.66701
17.160925	-63.52436
-37.99239	47.59451
-10.446698	55.32894
-10.417712	55.3623
5.367206	45.877625
5.48773	45.973858
16.84243	-38.29235
18.331486	-39.442795
5.972986	46.666637
19.697935	-29.841608
3.138461	71.13098
2.795613	69.30316
30.767374	35.37025
12.759124	-52.28095
16.302906	-58.628265
30.921322	-48.006584
30.97642	-51.503635
-8.547353	-9.519238
22.829762	-35.37283
13.692112	-48.201057
-0.51041	-41.17474
7.44948	-42.029022
33.750954	26.695782
29.175335	-55.42334
22.955812	-45.714413
11.537262	-29.366636
11.703862	-29.65027
15.146346	-45.056965
14.436542	-45.127094
14.355624	-44.861824
14.233115	-44.645966
11.651059	-49.821526
11.948051	-50.373222
12.259977	-48.498676
12.648058	-50.478558
13.972862	-27.860497
10.097769	-37.846745
33.321518	-43.427574
33.471344	-43.598213
34.045506	-43.448166
34.045864	-43.44836
34.30375	-42.748497
35.154804	-51.42109
33.918148	-41.62699
33.23847	-40.64143
38.857334	-35.48751
38.340515	-42.21768
32.07345	17.433289
39.84114	-43.217354
40.497433	-43.775692
40.29277	-43.324593
45.4104	-41.538906
44.87698	-41.10821
41.39843	-43.299767
39.804466	-43.677666
38.49961	-40.221344
18.29072	-52.724648
21.034851	-51.73229
24.378117	-52.253517
23.34412	-50.745537
29.67208	-41.304817
22.816881	-46.9896
23.408442	-49.50613
23.717447	-49.913704
23.408625	-49.130375
23.026497	-47.83294
-24.587267	45.161255
19.950493	-29.70353
22.966398	-34.42187
-39.975697	-6.680704
22.638659	-34.677914
37.325253	-31.136082
37.936516	-34.49258
37.970947	-34.42565
32.88857	-16.323715
20.483759	0.162108
37.977802	-25.475845
37.946705	-24.599316
21.51617	-8.419188
20.306183	2.400402
37.157608	-16.310238
38.863262	-19.76345
44.215733	-38.610706
35.802547	-4.789428
35.706665	-4.653664
45.680424	-40.06116
45.991013	-40.01938
35.968548	-19.511297
40.85242	-27.847263
40.82795	-27.955917
31.745192	2.409254
23.960287	43.225906
-30.542242	42.064438
-0.805723	-21.72553
19.839386	-50.510765
43.472504	-41.22781
44.28646	-42.180656
42.87456	-40.85861
39.654545	-33.03869
30.508589	0.011468
30.885403	-0.780641
32.791435	-14.68072
33.395638	-18.393845
11.943997	-40.38702
30.923672	-36.62108
16.215425	-3.938473
16.223255	-3.923389
16.173136	-3.944566
-36.095455	49.64483
-35.32676	50.444263
-37.233727	13.056884
-37.258648	13.072986
-37.272278	13.075377
1.441668	69.18695
0.115468	68.440895
-13.47349	-46.610027
20.451468	-63.93617
20.273853	-63.348927
4.598616	-44.99084
20.375122	-63.367744
33.668808	-54.505043
34.63875	-54.73401
33.704967	-55.227295
-29.899286	48.641014
20.192028	-61.887222
33.28186	-56.37825
32.92719	-57.219833
33.107403	-55.4851
30.3029	-56.597458
33.21772	-57.57157
33.21772	-57.57157
24.642138	-38.125355
35.164867	28.607084
35.164867	28.607084
31.847525	-57.24343
35.964367	26.850328
31.36585	-55.289818
25.305944	-60.9978
25.247963	-61.469765
25.4132	-59.91525
25.467402	-60.588665
28.12369	-59.862484
27.933043	-60.19538
26.457493	-59.781708
26.437897	-60.378193
46.50117	-40.723385
28.524815	-57.29333
30.467218	-37.50425
30.445148	-37.516384
30.43295	-37.58904
31.572458	-38.872387
31.646149	-39.12511
35.573357	-48.140205
30.17199	-35.976677
30.210365	-35.778706
34.690674	-46.945114
34.83383	-47.38192
25.175884	-31.649384
26.77928	-31.121275
18.0455	-63.470825
20.988598	-62.671963
21.742044	-62.442013
21.733438	-62.85359
16.401056	-63.38185
18.460636	-62.73951
19.13409	-63.04169
-1.635245	69.12746
-1.648197	69.12959
2.133987	65.26873
2.877751	70.59716
0.080736	68.40993
1.848595	69.629585
1.691837	66.03064
1.334158	-4.479354
1.334654	-4.485248
1.358856	-4.807974
24.393867	-60.291786
23.29887	-60.49485
26.307055	-55.68451
26.674658	-57.15291
13.595482	-48.052925
35.59105	27.45087
25.964046	-58.81652
25.795538	-61.885185
26.056149	-61.560013
19.216232	-64.397514
24.418297	-62.051746
41.055405	-44.13774
40.095894	-44.502518
-24.9929	38.407917
-29.86848	48.415825
-30.089832	48.125668
-36.71954	48.957684
-38.741528	47.125977
-30.347878	39.865433
-39.76069	-2.671989
-30.325563	39.71302
-48.24093	38.88737
-47.82136	38.769142
-47.990597	39.312126
-47.281242	39.03226
-47.757664	39.767742
-48.427917	39.110897
-43.34688	18.99452
-35.522938	28.813196
-40.404984	43.408245
-35.590206	47.937466
-34.970978	49.228252
-35.127186	49.010197
-36.1666	47.18565
-39.19024	44.610954
-39.421143	44.4158
-36.918846	46.406586
-42.88226	42.523556
-43.360817	42.3062
-44.794903	23.594069
-42.513275	43.264763
-43.098587	43.091934
-43.314377	43.3907
-44.265892	42.968857
-44.32614	42.306255
-43.691597	42.815075
-44.817467	42.485924
-45.18267	23.51386
-45.035004	42.789463
-45.610706	39.25003
-47.74411	37.50982
-47.601246	37.48727
-45.612583	39.235607
-40.449913	39.729897
-40.72832	46.509495
-41.424873	45.95924
-41.108097	46.248848
-41.720497	45.809204
-42.19014	45.542175
-37.4558	41.32678
-32.658806	44.07396
-32.68637	44.010437
-37.714043	41.020473
-35.711235	43.503304
-35.18418	44.02486
-34.433933	51.30545
-34.963688	51.29943
-35.050728	51.74962
-35.353676	51.376022
-35.540302	51.517445
-36.004307	50.791798
-4.357664	-5.665111
-41.347244	40.35288
-37.829384	40.16762
-37.906937	40.26369
-41.813583	40.131905
-39.72196	40.08519
-39.73766	40.095882
-41.623917	40.866
-42.45333	40.09569
-36.78562	41.226402
-36.531723	40.509476
-36.221107	39.521564
-36.326824	41.762848
-35.508778	41.65315
-35.51811	44.52882
-35.191765	45.23513
-40.84338	44.465454
-34.617397	46.849827
-34.788746	45.471626
-35.008762	44.85441
-35.40916	41.60809
-49.08823	23.638092
-49.40516	23.7122
-49.76258	23.677723
-49.983116	23.452908
-52.55171	39.27489
-49.53164	22.79774
-49.192753	22.920345
-49.907196	22.858765
-49.15762	21.97497
-49.37406	36.811295
-49.043293	37.135563
-48.48551	36.969494
-48.880737	36.646366
-48.30832	36.705177
-48.44128	36.277954
-40.404705	47.22627
