-31.198704	12.273749
44.101208	-33.820385
43.269737	-33.217216
43.655476	-33.659733
18.078283	38.595592
18.979649	44.538017
19.271906	44.37948
27.730967	33.94939
26.602175	-33.298435
25.710379	21.564335
48.23718	-34.501537
25.621754	21.597683
48.703373	-35.84139
45.693787	-18.48546
45.48914	-18.428402
45.48083	-18.435484
44.972836	-21.498474
22.394516	27.93977
21.85198	-9.413304
21.711329	-9.074334
-7.688967	8.482809
-15.748361	-41.139126
-15.109523	-40.98247
-21.600897	-42.183495
-32.93221	6.424974
-12.493056	-49.011284
-32.864056	-3.395383
-32.802006	-3.284321
-32.765316	-3.191063
-28.428316	12.612275
-32.557976	-20.728888
40.138332	-28.561455
-32.728645	8.829468
-15.445749	-48.097477
-14.590498	-47.83968
-14.203573	-46.773685
-14.231759	-48.21353
-13.688644	-47.813457
-12.587552	-46.27532
0.274957	-40.959976
0.856293	-40.21412
2.148139	-33.251575
2.638613	-34.142384
0.905235	-40.25452
-30.628834	7.411205
-30.470594	7.257613
-30.470594	7.257613
-13.507403	-45.979156
19.230186	-60.68663
16.106968	-56.131256
-7.375892	9.434113
-7.28155	9.348742
-14.845084	-31.92414
-32.386227	5.406856
-31.866571	5.421972
-13.024936	-44.673
-13.799631	-45.55843
18.196669	-19.284864
20.70763	37.188885
30.09709	29.615984
-25.687052	11.952304
-25.319756	7.444175
0.549112	-15.472642
2.351404	-35.91927
31.290071	-40.447033
22.645145	37.30995
24.136604	37.075466
23.613508	37.147762
20.47946	45.25171
27.31759	25.703863
26.281265	38.162483
2.778718	-37.602093
43.26907	-20.671984
23.691565	19.484718
27.00746	28.674149
11.466362	-35.262905
3.486918	-39.929817
3.649297	-40.061092
3.23894	-39.756893
19.870132	-7.379238
43.379517	-20.35961
-25.825146	9.710438
-13.800062	-37.70303
27.16229	30.13833
27.606308	30.025381
21.704298	32.347218
25.82306	25.932915
23.149378	-38.612717
-16.884247	-45.80265
-20.566738	-37.51512
-18.81257	-46.603832
-17.89004	-45.764202
17.228033	37.96231
23.2679	29.824589
27.85659	-20.76079
-12.352418	-48.57321
22.96396	27.192928
19.959515	-3.454848
-9.928752	-32.947475
-9.675685	-32.643208
-9.890817	-32.99344
-10.076859	-32.8874
22.081615	-5.427023
21.775198	32.19641
18.2665	-13.610615
-0.119555	-36.586716
2.509279	-40.207806
15.63555	-55.022923
16.461206	-55.461506
0.626258	-31.70735
20.810328	-12.896983
-13.858411	-46.523834
-12.420218	-43.54305
15.996058	-27.339499
15.713173	-53.510094
15.919356	-53.162537
16.224403	-53.247814
-28.267963	10.759828
-29.762577	6.717353
-32.86698	8.710032
-32.58053	7.983858
30.15207	18.613676
30.04023	18.485361
29.608177	18.472904
32.650986	-16.008547
40.802147	-34.676765
28.643896	17.930197
43.120293	-41.270966
42.52889	-43.922756
26.21268	-10.29915
43.278603	-43.9148
42.70639	-43.905453
25.968388	-10.181881
42.314724	-41.566948
21.653189	-51.97429
21.433962	-51.869488
21.101997	-51.25255
21.27859	-51.44925
24.204824	-50.379723
-1.987019	-22.527811
-2.427609	-22.61692
-2.864619	-22.444336
-2.446474	-22.067806
26.413044	-22.660007
26.193804	-22.89728
22.958736	-48.439857
24.497843	-50.8338
27.93301	-24.166735
26.980822	-20.941076
25.947437	-19.569372
26.054811	-18.771008
25.66965	-18.288958
26.471094	-18.567894
21.86287	-48.45916
28.53354	-23.62018
26.562674	-18.426592
38.06071	-32.836887
21.830173	-48.375435
21.190893	-50.130062
25.732056	-23.638968
-1.670416	-29.600061
-3.124546	-23.303316
-3.573919	-29.47891
-3.959927	-23.707472
-4.136922	-24.67453
-3.226111	-30.404572
3.851331	-28.499775
7.355891	-28.475288
24.646288	-49.610767
24.173832	-49.279938
24.557688	-45.31629
24.772612	-45.63938
24.287943	-48.642185
24.202974	-47.92766
24.606615	-45.734493
23.389957	-48.527702
28.060884	-20.188103
27.858372	-19.599627
27.783089	-19.73256
26.49714	-17.423676
26.349426	-16.901432
26.422026	-16.206127
-17.141964	-43.87144
-23.768286	-39.049892
-30.294687	-21.606312
-17.29707	-44.070824
-16.846912	-42.626163
-23.877752	-38.410015
-31.92521	-21.182903
-20.602982	-36.641014
-16.34595	-34.648315
-15.893871	-34.591015
-16.110586	-34.48017
2.891748	9.403525
-13.152331	-33.261032
-13.716524	-33.36992
-11.664527	-33.70862
-1.89406	-24.710545
27.760965	-18.796432
-7.422595	-29.34602
-20.611885	-40.97896
-14.685354	-41.46278
-14.147188	-40.300716
-14.222446	-40.555164
-19.959175	-40.192486
-19.08552	-40.36579
-19.034021	-40.62325
-19.945482	-40.194355
-19.08364	-40.35977
-24.859652	-26.377733
-24.925135	-27.726112
-22.051645	-35.901527
-21.811653	-36.510227
-24.355324	-24.657156
-25.156853	-33.113514
-25.037373	-33.716717
-28.549934	-31.644535
-27.99434	-31.296106
-24.295721	-36.535675
-23.631592	-36.604404
-26.438618	-33.498165
-25.914133	-33.010857
-24.95939	-36.351727
-23.827972	-36.473137
-26.24594	-33.063633
-24.423115	-30.98226
-22.560902	-37.005997
-31.480032	-26.97576
-24.203377	-35.829716
-12.586129	-36.813297
-12.559474	-36.84372
-21.60461	-35.184643
-12.979492	-36.540302
-23.418436	-30.464697
-20.031591	-34.65017
-17.225142	-47.890972
-16.617361	-48.321865
-17.853197	-47.00122
-17.540504	-47.245766
-8.492169	-10.069509
0.133541	-33.86507
-8.412562	-10.734555
-0.229496	-34.760193
0.374037	-28.402939
24.384377	-41.282093
16.46497	-38.20912
25.586258	-46.375786
0.813858	-35.816463
0.448602	-35.513866
-0.464156	-33.623474
-0.558533	-30.780731
14.289552	-54.865177
14.530559	-54.689407
-13.58874	-41.07919
-20.073168	-35.698235
-19.925093	-32.590862
-28.526081	-22.086494
-28.488382	-20.949673
-34.957497	-20.24066
-34.94282	-20.172247
-33.772144	-33.45087
-33.906555	-33.614735
-29.701887	-32.479908
-25.347502	-31.00467
-28.442263	-33.202354
-28.645802	-33.8575
-28.58655	-34.00551
-32.75867	-32.820854
-32.69015	-31.530071
-31.919226	-33.471535
-5.277862	-29.688992
-8.886199	-23.906301
25.87892	-34.221146
38.98345	-31.224163
19.910658	2.744072
24.522425	-18.398216
34.682423	-1.873959
39.27546	-22.021795
36.627476	-12.797894
47.115276	-37.130615
47.47588	-36.92583
47.34227	-36.441044
47.062775	-35.87514
-0.848677	-35.618942
-0.712175	-36.679962
-13.05014	-31.23322
-3.2075	-26.21749
17.396694	-53.144108
17.858774	-53.016506
-11.622087	-17.85945
18.784405	-52.65948
-13.50863	-32.22212
-3.404117	-26.56403
13.647991	-52.896072
-1.388159	-26.941586
6.735715	-29.388891
24.997652	-47.25362
25.233784	-47.732155
26.409801	-20.142065
40.86047	-28.191793
40.871468	-31.23548
-14.374503	-17.675041
-4.946859	-23.544752
0.961861	1.622656
1.15007	-0.040306
-17.426353	-50.595318
-17.984283	-50.330105
-18.090643	-50.808968
-18.485748	-50.364525
-17.545582	-51.035717
-19.102976	-51.81447
-18.65113	-52.036316
-19.228651	-51.37144
-18.545353	-51.65466
-17.90317	-51.88121
-18.984476	-50.92001
23.324648	-33.835842
23.76618	-33.17473
23.660423	-33.965252
23.23054	-32.72876
24.272348	-32.83165
24.158094	-33.197422
22.795055	-32.831455
22.555443	-32.322163
23.649612	-32.405457
22.927855	-32.019287
23.27673	-31.74168
24.291565	-32.20993
18.77754	-5.058908
23.825605	-31.66078
18.80972	-5.057183
18.768206	-5.082965
18.015318	-57.0051
18.342548	-57.37863
20.279663	-60.54509
20.50415	-59.667446
20.789742	-59.548252
21.7678	-59.954937
20.9242	-60.215572
21.292124	-59.995388
23.285984	-60.830708
22.95202	-61.088303
22.445786	-60.881886
21.599562	-60.826244
19.799004	-59.30665
21.217415	-59.209557
6.029516	-43.083485
6.058934	-43.34781
6.47579	-43.77012
13.349366	-49.306583
13.999081	-49.847046
31.232323	-56.949303
30.163034	-57.250637
30.062773	-55.66282
17.28342	-48.073364
16.125675	-47.219772
15.581598	-46.899925
11.929866	-43.588642
11.757993	-43.449165
10.991817	-41.860107
11.272279	-41.910755
11.757384	-42.059525
11.237937	-40.66277
-4.849876	-7.95535
-4.685672	-7.637452
-4.1672	-7.518618
-4.165899	-7.560424
-5.476874	-7.49143
14.287446	-38.429653
17.237268	-46.635365
14.792377	-39.201042
13.730953	-37.78564
-2.565382	-9.032131
-2.561221	-9.130024
11.529303	-36.10816
17.493092	-42.75031
31.812202	-50.71095
18.338135	-41.595963
18.600178	-42.373104
18.115257	-42.301033
18.183352	-41.123043
31.469593	-41.798965
19.457798	-38.08365
14.53082	-40.274387
-12.428181	29.49799
-4.500152	62.080254
-6.202798	59.958298
-7.448674	55.50286
-6.98499	58.16139
-7.996056	55.206696
-7.603964	55.09339
-6.15048	56.026325
-8.348082	54.3628
-9.21933	47.861267
-11.260215	49.68041
23.447569	44.090195
45.218006	-13.913196
18.766996	27.516312
35.605618	-14.221221
40.639664	-25.656948
30.182247	-3.145332
30.182806	-3.145606
20.166294	30.780783
20.48888	30.454245
19.991756	31.050253
19.594501	31.511122
19.604176	39.35185
18.72083	39.234898
18.759165	44.24549
18.515882	40.12554
-7.570132	10.092363
-22.4685	-22.236929
-20.288107	12.191001
-12.369934	26.220442
-6.980732	44.774994
-7.985608	9.590301
18.853182	46.89938
18.85334	46.83291
20.747778	37.60267
20.056725	29.059614
21.814323	26.850124
22.025024	26.12202
22.0237	-9.153197
-7.576652	8.597066
-16.633352	-38.9912
-15.625865	-38.52244
-15.787114	-37.92439
-15.92923	-39.151962
-15.773679	-38.871178
-29.853846	3.78363
-29.65723	-18.796968
-29.653494	-19.51576
13.51028	38.31522
13.512194	38.314453
26.451336	40.03888
26.588863	38.903694
-8.791972	47.034294
-8.127803	46.054558
-10.060825	46.66476
-7.835544	46.086166
29.740135	-2.766244
39.609486	-20.85372
-18.869741	-4.55987
-18.517513	-3.751023
-7.179475	41.46894
-27.279703	6.96716
-28.03766	8.199496
1.408126	-33.96623
-25.866753	8.174522
-24.653484	13.053242
-26.438734	7.195869
-26.304052	8.978153
-26.735714	9.573857
-26.729126	9.374023
-29.440695	10.128706
-17.371965	-2.439526
-17.370724	-2.44071
-30.704948	8.476407
-13.057941	-46.016327
-8.762378	41.61352
-24.896296	12.334573
44.346027	-27.508204
43.52107	-16.882765
-25.463543	5.289781
-24.922342	10.803593
-25.55216	10.728352
2.020492	-33.03897
-25.717133	10.404817
-18.177105	-30.50965
-18.074144	-30.821896
-31.13934	5.539343
-29.141869	5.12312
-13.128313	41.339413
-10.210729	44.40077
-13.374988	41.44291
-10.135372	-19.636087
20.465645	35.172516
20.65809	35.220898
6.69153	-5.838088
-21.118706	18.34167
-28.20271	50.306023
-0.524304	54.974552
-23.587639	10.306107
-8.420957	9.350005
-8.552521	46.080227
-23.757326	10.262813
-11.421452	-13.319164
-8.040004	45.266533
1.984267	-32.507927
26.629108	28.557144
25.562187	28.371084
-8.741149	41.63477
-5.36432	36.5872
22.140326	37.937767
20.931768	28.154436
21.76917	28.983448
-15.608685	-47.405903
-15.721001	-46.327538
-13.946843	40.713394
-44.361916	19.930304
-9.520822	39.190613
-9.271833	39.41491
-11.228939	23.767776
-9.282293	39.140182
-9.382163	40.59752
-9.497618	40.572792
45.72283	-15.680742
45.948418	-15.835982
45.68575	-15.578081
45.47319	-15.967059
37.100906	-2.8946
44.83681	-15.319483
-19.742727	8.125515
-19.845448	8.156002
12.630564	33.02304
-7.327778	51.73382
-7.73193	50.58968
28.260117	28.946045
22.044996	25.502869
6.281378	52.604782
6.556436	52.305065
-20.827839	47.848927
-21.657597	49.110325
-19.619333	-14.356699
-20.183977	-14.550041
-19.330023	-14.763472
-19.48229	-14.537116
-13.987309	41.552967
-13.403746	37.21394
-13.421932	37.89545
-16.277184	35.50429
29.566078	-30.01708
22.017157	22.792786
21.982174	22.80094
21.982359	22.789074
23.728971	26.867323
37.29163	0.428638
37.21903	0.229834
37.307503	0.430363
18.207676	29.487764
19.710491	39.325947
18.48872	39.45382
18.192469	29.462381
19.338198	44.312275
18.763021	41.65928
18.656742	40.60751
18.779636	42.04561
19.837334	42.682247
-5.326497	35.234203
-5.442314	34.81548
-5.58959	35.810875
-5.604728	35.65797
-5.438232	33.950085
-10.035648	44.756844
23.840027	38.81819
19.244858	28.244038
22.609303	35.83113
22.591883	35.798363
17.534622	44.06878
18.024935	45.02283
-19.018078	14.936154
-11.498085	30.117859
16.955568	39.405556
-4.374862	61.999084
-11.415565	41.052803
-26.879322	13.299262
-26.850113	14.614703
10.107433	-33.396225
1.427051	-30.008976
10.613353	-34.118748
4.205234	-33.91414
3.794487	-33.881516
3.236742	-33.6621
-30.768826	12.585643
-30.744394	12.618556
-27.769636	12.066535
-27.67292	12.63864
-26.678377	15.77004
-26.581585	15.507017
22.035442	29.800398
27.188656	38.791965
8.280567	-9.680877
6.281248	-38.406437
27.741238	38.07667
-29.440695	10.128706
-29.944496	8.070148
-17.343803	-2.432005
-29.72729	8.811245
-29.726374	8.811494
-2.446474	-22.067806
27.105932	-23.238548
28.840443	-24.738167
22.71431	28.888222
6.13139	-28.25682
6.170676	-28.403198
5.93543	-28.55785
6.568416	-28.658657
26.39145	-23.987625
-1.446294	-29.551903
-2.1235	-29.617706
29.631842	-4.47475
29.740156	-4.718644
32.05269	-3.223573
32.80807	-4.030499
30.614368	-4.930808
-30.44484	-21.59417
-20.82647	-20.199415
-20.518375	-19.862585
9.931096	-33.018887
18.781088	-11.780343
22.840876	-6.592476
23.482344	-5.367275
2.960321	9.286992
-15.926863	19.71849
-16.085663	19.685783
-9.312124	-28.222464
-9.320566	-28.216682
11.763593	0.898974
-6.762936	16.623775
12.666581	1.043229
-6.910024	17.814554
-6.543156	15.662333
12.120408	1.021203
-6.793739	16.63387
-16.550005	-19.205812
-11.357763	-33.29855
-16.146181	-20.476973
-10.288588	-27.380968
-10.409367	-27.262838
-31.51931	-10.802092
28.411583	-14.90351
27.974821	-15.999225
29.257692	-14.078125
28.89239	-14.25155
29.212902	-15.50466
29.177588	-15.500294
16.547924	29.162066
-6.964176	-29.25992
-7.34214	-28.926125
-10.107714	29.07786
-6.21041	17.090057
12.036304	0.445063
12.715469	-0.252225
-14.789225	-12.70359
-13.784205	-24.675047
-14.410026	-36.998035
-13.896042	-24.16796
-14.229587	-23.68259
-17.919584	13.094593
-17.886396	13.135273
-13.692262	-22.322474
-13.771627	-22.010122
-8.590303	39.397167
-14.182918	-21.3158
-13.803473	-21.743519
-14.664148	-34.86165
-24.83064	-27.285675
-23.000454	-27.776382
-23.202333	-28.372744
-21.096573	-32.018703
-22.674437	-35.458397
-20.168478	-22.81876
-20.037996	-22.467886
-20.610155	-22.772331
-19.902714	-22.33351
-24.375622	-25.539389
-23.449377	-24.720112
-23.344934	-24.889355
-26.089327	-27.375147
-24.040258	-25.934134
-23.646202	-24.185938
-24.300041	-29.380516
-24.377478	-29.392576
-23.20713	-22.786453
-23.297483	-27.596802
-29.94823	-9.50839
-29.99366	-9.514645
-9.81573	-30.582352
-9.804494	-30.595224
-14.070356	-23.266138
-13.300098	-25.486559
-22.281786	-23.747103
-15.427127	-20.694311
-16.53924	-20.370659
-16.430033	-23.76106
-14.581676	-25.612516
-15.94246	-23.922554
-15.942791	-23.925512
-18.5429	-33.538254
-34.72623	5.75845
0.776897	-30.892748
-8.587075	-9.267724
-3.188101	13.346098
26.143576	-3.659026
25.561066	-6.219374
25.445757	-5.525728
30.472889	-12.56017
29.832602	-13.005815
30.544249	-12.797011
29.207394	-20.651506
38.580093	-18.208244
38.809837	-16.607697
0.751003	-28.141584
25.912151	-21.608059
1.302301	-28.118143
1.186206	-29.081121
11.462792	-14.48981
0.346434	-29.606068
-13.842246	-38.102554
-19.31959	-32.316586
-27.09319	-23.782864
-27.410805	-23.27905
-28.830395	-21.094522
-33.47655	-6.242734
-33.527473	-6.398092
-35.1667	-21.205563
-36.6206	-23.44927
-36.57534	-23.384207
-32.991604	-33.715714
-32.894608	-34.71974
-32.26377	-35.125107
-32.86588	-34.346313
-32.37005	-33.995262
-33.441586	-33.81246
-25.022692	-28.781717
-25.760904	-30.391598
-27.984367	-33.13687
-34.519875	-5.306068
-33.88539	-5.768392
-34.834644	-5.18131
-35.062935	-5.519368
-36.352104	-22.869936
-35.980034	-22.585798
-35.84844	-20.04076
-34.068638	-21.227596
28.08819	-1.976773
28.004513	-2.122055
-10.63759	31.439396
-8.579341	40.239075
11.06445	-0.391821
-15.471565	-24.681467
-30.11075	-11.329397
-31.426	-11.703929
-23.039726	-10.373761
20.75468	-0.023224
38.37277	-19.247772
20.298916	0.052342
37.97975	-24.119194
19.804117	2.487798
30.788479	-11.344183
32.06475	-11.413477
30.661028	-11.569282
31.298367	-11.932295
24.306198	-3.750556
20.124441	27.823605
24.906351	-4.276576
24.824566	-4.40826
31.186335	-2.34465
19.223036	27.110073
30.85878	-2.484827
39.332973	-14.097631
37.26072	-14.159824
38.416023	-16.270914
32.541958	-8.879239
32.147087	-7.24706
32.68477	-9.164894
38.64552	-15.214826
33.61307	-9.113083
34.0976	-9.238499
33.296272	-9.182864
33.121494	-9.995222
33.32429	-8.326676
33.436474	-8.03857
45.76647	-31.697475
41.68616	-18.161032
45.552807	-34.99319
45.453545	-34.27161
44.73126	-34.380913
45.811527	-31.6481
38.530624	-13.95873
40.293175	-19.838581
40.753223	-19.235432
35.58392	-12.284686
34.50259	-14.182428
38.00973	-17.147657
38.00972	-17.147615
42.93562	-42.204567
33.538067	-6.387793
32.963127	-5.003344
38.554806	-13.069053
41.983173	-17.239384
40.34042	-14.624718
31.365522	3.684796
22.544064	43.837837
34.83642	-5.585065
-10.233121	-18.857944
-9.927728	-17.445572
-0.054784	7.131004
-0.265504	7.713841
-0.460056	8.25339
-4.919772	16.965017
15.337725	42.89643
-5.287344	17.226105
-11.67837	-17.842655
-13.075145	-12.544121
0.932321	-21.9572
7.987165	-30.05566
-4.96848	-26.603088
-13.369384	-18.076988
-3.996846	-26.519531
-9.680682	-17.037687
-0.294848	-22.227814
-9.512847	-15.47064
-9.654297	-15.551261
-2.759937	-23.652721
0.143462	-25.381165
0.765767	-27.672594
0.068147	-25.428242
23.261778	-10.268332
33.747467	-14.646224
34.159035	-12.679344
40.74288	-27.01046
30.23198	-1.826473
30.366854	-1.457237
27.69567	-4.31751
27.798532	-4.341792
28.19994	-3.881214
39.540054	-16.206057
39.961517	-16.415522
28.86686	-0.689294
1.017785	1.056371
1.01552	-0.650884
6.625758	-35.388138
1.155902	-0.121523
6.614148	-35.400223
1.015798	-0.611235
6.638956	-35.369682
-12.436948	59.404858
-10.406474	-1.707945
-10.41366	-1.662632
8.868489	33.38123
-10.890209	-2.924059
-10.853702	-3.194322
-10.358394	-2.902644
-10.483751	-3.08756
9.037261	-8.985075
14.462456	23.6255
-47.887234	6.949949
-49.208035	6.935419
-48.540863	6.778714
-48.100185	7.526438
-48.373528	7.535005
-48.24076	7.506192
-48.741745	7.644402
-48.967857	21.952066
-48.941696	22.14804
-48.924435	22.366545
15.753201	-14.804259
15.087312	-14.239804
14.667171	-13.723261
14.374536	-13.774477
15.196154	-13.388314
9.454032	-9.88151
6.181188	-11.080039
6.169386	-11.089085
13.805764	16.917599
-6.025552	0.88625
14.394794	17.309687
14.156681	17.603428
13.82064	17.37294
8.501666	-11.345991
8.503455	-11.284597
-8.465158	-7.359819
38.17872	-2.456673
-14.095045	-2.41265
-14.144504	-2.879084
-14.091073	-3.083783
-13.959146	-2.370525
18.94017	2.106233
15.919028	12.658683
16.001055	12.346158
5.27884	41.921627
16.658062	14.489944
16.986443	14.720834
5.553795	41.91837
3.897134	42.180763
14.888232	12.666199
25.036722	-31.739365
24.966036	-31.281513
15.60263	23.682102
15.311715	23.730562
15.886957	24.15393
16.504955	23.302483
16.349344	23.920477
16.24834	23.202217
16.565975	23.729578
15.318677	-12.146304
15.534113	-11.762716
14.786405	-11.494746
15.187886	-11.396173
14.518073	-11.911313
14.993834	-12.1675
17.947495	-0.466743
17.858582	-0.395008
15.724762	20.27873
15.667343	20.248117
17.7496	0.296718
19.983643	-5.990036
20.359812	-2.098631
20.621258	-2.702598
35.318066	-19.842472
35.308807	-19.888407
20.616442	-1.531586
20.950768	-1.970501
21.003609	-1.289776
21.511087	-1.007297
21.88368	1.135856
21.930334	0.470906
23.031496	0.92173
16.555258	-12.527802
15.141523	-15.858847
16.050665	-15.801832
15.874553	-16.663387
15.466496	-15.855517
16.169989	-16.20536
15.608593	-16.34385
14.016545	-15.147414
13.781416	-14.993095
13.273103	-16.107016
13.395883	-16.29346
13.946002	-16.69095
13.844749	-17.091452
13.70149	-17.958704
13.205723	-18.077845
14.011053	-18.66471
13.882216	-18.947763
13.536516	-18.994715
13.475884	-19.415638
13.32607	-13.501012
16.479988	-14.090559
16.247171	-13.958599
14.761702	-17.012094
9.231964	-12.252762
9.180783	-12.501297
9.476302	-11.075308
4.904698	-43.20192
4.96674	-43.187916
7.97463	-20.313871
8.129064	-20.051462
7.847844	-19.912228
8.024726	-19.609276
8.286548	-19.54065
8.734597	-20.140297
8.887356	-39.89185
8.670516	-40.16084
9.079468	-39.49635
9.629903	-39.80672
9.511257	-40.400745
9.176235	-40.658012
9.984932	-40.108295
10.169007	-40.689777
9.671004	-40.973824
36.588326	-45.585922
28.303783	-18.352736
14.979506	29.363573
15.434691	29.2484
-6.481078	52.442677
-13.965158	-34.737667
-20.282257	12.171051
-30.929897	-18.135485
-10.821833	-19.749805
-26.60211	11.041879
-31.853434	8.675624
-31.773857	8.833149
-32.039482	8.025401
-25.85487	13.085145
-6.975152	9.616096
-6.954854	9.330907
-29.137098	4.835382
-0.773775	-31.682512
-26.209154	-18.326649
-26.20388	-18.331427
-11.682417	15.157562
-11.707644	15.23033
-12.70903	-32.173363
2.395018	11.609414
2.69903	10.641726
-15.072388	18.716572
-14.089759	-9.577964
-13.024051	-10.486164
-24.071154	-33.5459
-24.73141	-32.314182
-24.63499	-33.73177
-27.192436	-28.378569
-27.240065	-29.168781
-27.99434	-31.296106
-27.838936	-31.780396
-27.99434	-31.296106
-26.47328	-32.529617
-18.656048	-47.43109
-26.058031	-31.764336
-26.010101	-31.757809
-13.234153	-31.309887
-13.900169	-18.422737
-13.719093	-32.174103
-13.908728	-15.560825
-8.650826	-23.295872
-13.904842	-15.359341
-4.307364	-29.287195
-4.10959	-29.339384
28.52513	-5.990565
-15.427993	22.25974
-14.005724	-9.429972
-14.721474	-9.975619
-7.867064	-23.481321
6.069138	-45.255985
19.974733	34.4628
23.424389	45.370396
24.018686	45.37739
13.341651	42.21138
5.545708	53.609943
-26.024849	49.62797
-0.56794	55.291386
-0.51293	55.409843
-28.27636	50.32738
-29.818249	49.60706
-29.547792	49.47633
-1.033951	57.700188
-0.347806	57.11858
-0.637751	57.880768
-1.364383	58.394142
-9.706857	36.27918
-9.76089	36.299522
-3.201136	59.870853
-1.61722	58.913292
-2.99821	59.688396
-1.732251	58.935997
14.090147	43.97941
15.391951	44.00832
14.000843	43.35534
13.780346	43.275356
13.299613	33.600643
47.070206	-13.297482
47.06313	-13.688434
47.1835	-13.817152
46.58774	-14.150089
0.154354	58.721317
40.522903	-3.656336
40.4178	-3.568293
2.114174	58.955128
2.108394	58.94978
23.4511	46.361374
5.516834	53.6252
-26.01543	49.634495
-22.263832	36.948532
-22.585316	37.796654
24.126976	45.373676
20.162613	42.988167
12.157918	41.8963
12.681558	42.152763
12.890152	49.458412
13.227951	49.387516
11.459728	49.147617
38.248264	-5.323096
12.915561	49.422497
13.647035	49.23425
-22.140003	-10.520867
6.242866	-3.553378
13.153166	33.507645
6.321814	-3.677347
6.293214	-3.602022
10.340816	0.830493
10.326251	0.309936
10.203352	1.467014
9.977538	0.871666
10.073874	0.160993
10.159011	-0.158702
26.987408	6.592866
27.07692	6.288418
26.96478	6.424356
27.441647	5.453783
-6.584718	18.554832
27.136374	1.845761
27.532137	2.011491
28.592224	0.872229
28.556473	3.228075
26.759167	1.053622
-18.602571	40.768166
-22.474379	-10.492052
43.11801	-15.757777
28.476868	2.185008
26.201975	-4.199548
31.097221	-8.01497
9.065939	33.477623
39.59757	-8.568518
39.657803	-8.651426
39.588127	-8.523469
19.936651	25.065472
39.73585	-17.14128
39.7579	-18.50193
39.19213	-35.148945
46.286396	-16.91664
46.52794	-16.960812
23.705437	19.658962
34.778553	-15.525054
34.799355	-15.515045
19.947706	25.06263
39.657677	-17.729862
41.20854	-15.184093
39.96417	-18.227123
40.770756	-28.772049
41.629475	-28.532188
39.432003	-20.103577
29.538555	26.066917
29.330297	1.756287
30.643179	28.202925
24.638233	39.073887
-0.441705	-14.986508
33.5646	-42.35769
24.732174	34.91396
33.487495	-42.40592
20.941109	-11.972653
21.192522	33.355366
37.65843	-23.792414
34.88754	-0.967152
20.58285	36.129803
28.065184	28.74249
39.59798	-21.875032
2.490985	-17.470385
20.64395	-15.67127
23.234703	37.61997
22.423157	26.438328
-7.921016	-10.133715
10.111526	-42.182617
18.01382	-44.9121
17.309387	-45.03389
14.892483	-49.925495
15.382592	-48.56803
40.802277	-34.67661
42.53279	-42.862
30.569044	17.610249
39.780197	-33.801327
39.815807	-33.719013
33.471394	-14.880797
20.236794	0.700488
38.938572	-24.362968
38.77535	-23.50207
21.763193	-7.819575
19.921955	2.954263
37.68597	-15.235805
39.133617	-18.947323
46.38843	-35.870674
35.795746	-3.364582
35.694813	-3.23614
36.269634	-17.364296
42.171997	-26.765516
42.156216	-26.875214
31.446892	3.666241
22.336456	43.69082
0.45599	-22.084545
23.156836	-49.845646
30.276745	1.257804
30.691275	0.476587
33.330883	-13.301903
33.985256	-16.948227
34.08108	-35.571327
16.09001	-3.719589
16.096777	-3.704588
16.04815	-3.729168
-5.903089	45.637314
-5.871699	45.643703
-12.534295	29.433702
-0.258918	-0.980675
-4.803475	68.61941
-5.437921	65.97843
-6.025122	66.54667
-5.144653	66.73142
-4.519697	69.14927
-6.218334	65.70557
-6.617937	58.496174
-9.925251	49.20463
-11.372424	49.63865
-21.247465	46.825134
-18.30883	13.770777
-7.935724	54.01263
-7.720338	53.57289
-7.799218	52.887802
-22.688114	46.937805
-30.090427	-20.977573
-31.114594	-20.251333
-15.425801	46.46217
-19.394518	48.25655
-17.392899	43.91416
-17.39414	44.402416
-27.385748	47.929413
-17.061062	45.06436
-22.707663	22.319038
-9.621146	-8.977944
15.142334	41.08522
15.879728	41.125275
-13.09331	46.82991
-14.452799	47.123116
-18.07868	47.515247
-14.068649	46.33969
-12.639374	40.953144
-20.172794	47.528572
-10.074339	41.981834
-11.759192	46.957523
-11.397296	46.170746
-11.940537	47.030552
-19.533592	48.15892
-20.951452	48.77792
-20.584188	48.570484
-10.824519	42.073235
26.429325	39.650787
-4.479871	62.76058
-4.735207	62.35518
-3.620162	61.940784
-5.260719	65.575714
-6.193458	66.31615
-4.894116	69.43751
-4.526641	66.57191
-4.964454	67.05233
-4.656266	65.79934
28.51749	17.302423
28.595245	17.32838
0.604184	17.202312
-1.332954	18.021828
-7.224069	23.608107
-11.225788	32.621174
-6.547308	22.578623
-6.675478	23.110561
3.170797	11.148905
25.65715	-2.274744
4.122384	9.939321
-1.30309	18.048668
-32.92797	-17.892458
-32.27713	-19.177898
-21.55754	-19.771223
-32.01288	-9.688235
-31.102844	-11.688041
-21.549606	-19.75037
-31.08524	-12.05175
-19.986631	19.188927
17.724642	35.68973
-10.580436	14.987798
-12.845772	19.358036
-13.459401	19.178448
-16.929644	20.452015
-17.480543	20.605213
-18.186964	24.849619
-26.701147	44.170406
-26.954737	44.324448
-25.189054	37.73227
-14.164363	16.047884
-19.280127	43.96959
-19.836758	44.005486
-10.097267	29.23832
-10.389705	29.870693
-11.242694	19.685244
-7.503944	18.54074
-13.143298	-16.739159
-15.239769	-12.726978
-14.97465	-12.649011
-10.775243	38.44502
-11.645445	24.965197
-19.251707	33.904507
-19.122828	33.84211
-5.084248	21.9454
-2.592069	13.68469
-3.674837	14.558814
-3.700006	15.231293
-16.558775	-12.207933
-3.440185	21.1378
-5.22071	21.958422
-1.218723	12.690946
-23.350561	21.86937
-23.607286	21.715685
-23.8521	21.46038
-23.696108	21.462744
-36.10865	-10.703944
-36.368378	-10.838836
-34.869667	-12.038004
-30.518538	-8.779552
-37.721935	-9.495416
-30.758837	-8.626586
-22.382193	42.43596
-34.123913	-20.073841
-34.635544	-18.559797
-34.18867	-19.49879
-31.61288	-0.617621
-31.472095	-0.298015
-31.566822	-0.536162
-33.392387	-8.20546
-32.852074	-6.886594
-37.401493	-18.147766
-36.636223	-18.791698
-36.300846	-19.59919
-35.349434	-3.90695
-32.474457	-5.313993
-12.665179	26.20672
-16.810305	36.68221
-18.314983	40.935795
-27.272184	47.2477
-27.10133	47.090973
-11.618171	34.21866
-1.204455	12.672442
-4.72529	20.606949
-4.631274	20.552912
-25.030815	40.84692
-10.679545	31.610748
-25.052828	40.912582
-22.763294	42.46833
-25.62755	44.11168
-24.91343	44.0501
-18.818474	36.174503
-19.396374	36.411907
-24.301392	40.686188
-21.743204	23.862513
-21.703396	23.902206
-11.279773	37.05855
-18.272032	16.089731
-11.91906	35.75656
-15.749374	47.108364
-16.453297	47.064114
-17.32356	47.095287
-24.914906	40.43817
-24.35853	40.575855
-21.66396	23.91631
-19.115685	17.109272
-18.381458	16.310467
-11.730231	35.77859
-10.876931	47.05494
-11.627304	36.28442
-9.612709	19.281466
-7.96645	20.995142
-7.640804	21.931396
-7.916272	19.999657
-7.930995	19.685986
-8.610747	21.05716
-11.771778	20.471178
-8.950794	23.51471
-11.922817	20.520763
-8.114	24.257193
-34.42958	-7.522094
-36.122025	-10.194314
-38.133198	-10.692063
-38.215626	-10.244281
-38.390957	-10.059332
-35.40334	-9.014789
-34.77599	-10.787996
-22.536236	35.817226
-28.847258	47.29984
-27.12988	41.48565
-24.601877	39.23112
-33.669098	39.70105
-15.852075	-16.841822
-10.107751	-16.352924
-10.467321	-16.291409
-13.489709	-12.163421
28.927519	5.377358
28.895197	5.90674
29.182642	5.061397
-23.25259	39.44546
-27.468077	39.182987
-28.69166	47.632416
9.82454	-2.600964
-14.608998	60.694275
-15.142985	60.818848
-14.605337	60.69595
-13.343783	60.11395
-12.635608	59.412186
-12.585999	59.402603
3.78696	24.716858
-8.410927	1.377999
-8.491367	1.370529
-8.129374	-8.637443
-7.9877	-3.843485
-8.463593	-2.925479
-8.721186	-3.154992
6.977076	33.53
6.855691	33.570972
3.169973	45.16973
3.199184	45.293236
3.178333	44.832115
4.341388	41.023926
5.441162	34.344933
5.239898	34.51406
6.335846	36.47436
-30.271168	45.317715
-30.398693	45.28732
-30.384209	45.498554
-36.618492	43.9372
-42.046234	37.738403
-51.14335	30.158115
-49.42086	36.420776
-50.40704	30.11906
-50.34471	30.14733
-51.332558	29.934408
-50.902187	29.749853
-51.185673	29.60008
10.363287	49.92583
10.236275	50.357365
9.693956	50.203213
10.557226	49.50572
9.361329	49.288532
8.775619	49.532944
9.194506	50.42964
9.615574	49.32912
9.769013	49.0575
8.547503	50.000217
3.391902	37.528618
3.261082	38.025692
3.752092	37.72777
3.856747	37.304836
4.195616	36.99462
4.227514	37.16366
-8.584824	0.315879
-8.609042	-6.372022
13.402699	17.142298
-6.684954	0.169244
-7.333256	-0.130808
-7.289734	-0.834539
-6.001828	-1.668781
-30.162916	47.09276
2.620009	40.34137
2.845978	40.26908
3.378955	39.964874
4.367851	39.465553
5.227672	38.69874
5.849682	38.14082
14.902082	16.177275
14.406177	15.411319
14.181984	14.515305
14.01181	15.04372
14.291482	14.364633
14.71654	15.023062
6.787604	38.553867
6.529712	39.062485
6.193243	39.187992
5.956186	39.38768
6.434088	39.90577
5.393986	39.615505
5.819013	40.147724
5.273534	39.96166
-45.18328	16.971981
-43.57923	17.068731
-45.114964	17.031895
-44.8963	20.684013
-44.96146	21.221888
-44.441807	20.788305
-43.64065	19.510426
-44.127487	21.137531
-44.255924	21.629253
-44.661587	22.291227
-44.663494	22.206451
-42.928013	37.22662
-8.36295	2.561459
-8.343254	2.415836
2.717261	29.191067
3.202924	29.076057
3.718295	28.320904
6.351866	28.068068
13.759721	21.197693
13.58323	21.157265
13.566522	21.178797
6.536384	31.50564
5.814282	31.70381
6.117314	30.862547
2.722621	30.468943
2.432966	30.558506
5.41455	30.973507
5.635589	30.959143
1.744628	30.435322
-0.240636	38.73177
0.550283	39.20633
1.442301	38.391212
1.233484	38.53456
4.842122	33.126587
5.185076	32.909657
1.333229	39.3871
1.894842	38.887104
-37.810432	42.460793
13.350729	11.811404
14.045997	11.73504
14.390035	11.725348
13.801917	10.982992
12.906278	11.261347
13.329174	10.539464
13.293647	10.307887
12.76718	10.325639
12.670753	10.8333
-15.82037	55.50157
-15.774623	55.55522
-15.807931	55.587013
-43.055336	20.336712
-43.120495	20.367693
-45.849693	21.436407
-45.921917	21.099258
-27.951868	43.147385
-33.802277	40.09963
-9.180056	58.94022
-6.922884	61.19808
-8.935238	58.861633
-7.76306	56.94734
-10.574246	50.52537
-10.54842	50.541595
7.729333	53.79573
-10.233223	51.06036
-20.839443	45.51698
-30.887674	-20.544664
-10.585943	44.458866
-30.831135	0.658225
-31.680767	4.879936
-22.89583	16.37026
-10.917222	42.502438
18.58957	35.752426
17.945442	35.682274
15.7594	41.08067
-22.903807	16.364344
-11.080055	42.14002
-11.18015	42.384537
6.222264	47.41774
5.524553	49.31946
-17.343248	49.244465
-31.09174	40.05597
-18.201582	49.31157
-16.407679	49.281715
-17.241625	49.192467
-1.093656	16.740746
-1.324963	16.093155
-0.643828	16.59815
-0.602043	16.722836
2.993172	11.124416
4.279862	7.431709
-15.846992	49.831295
-32.41417	-18.682634
-32.73747	-26.48117
-32.096107	-21.705816
-31.924126	-22.205477
29.041044	29.252762
-10.573634	14.982914
-15.815612	16.752197
-18.429993	18.840952
-16.438635	17.388523
-15.481045	16.080824
-16.971628	18.382399
-25.599487	35.033176
-25.663336	35.313614
-15.293443	18.744598
-16.955416	18.917759
-14.957121	16.819551
-26.173248	39.490307
-26.339655	40.513515
-26.081316	38.215294
-34.51456	-11.114879
-26.75391	41.668484
-18.304861	24.796885
-20.465254	44.090813
-21.606262	44.36565
-16.507298	16.415741
-23.201403	-39.862293
-30.674154	-6.24075
-29.96797	-6.85903
-36.773785	-6.127243
-36.74498	-6.13524
-29.6917	-6.880492
-29.578333	-6.925134
-3.124011	20.436722
-3.081958	20.396156
-18.902763	33.830067
-3.34772	15.916201
-3.307241	16.000734
-38.494522	-3.108928
-24.51122	22.343513
-25.408836	-35.782547
-31.564869	-27.258469
-31.719294	-27.357418
-32.303226	-24.814602
-32.97472	-8.681141
-37.28782	-10.138616
-35.673855	-16.102892
-32.709457	-24.304115
-36.284523	-12.130323
-38.31871	-4.655088
-38.346336	-4.799558
-37.308975	-5.699118
-0.39677	-35.478256
-33.845684	-20.69348
-33.263412	-20.595633
-37.440437	-17.903212
-37.229362	-17.76516
-35.98526	-3.795974
-36.147594	-17.208714
-16.746586	36.632317
-20.04463	22.955624
3.173155	6.970215
3.008934	7.240225
-0.473997	11.095724
-25.493088	44.636665
-22.967638	44.290478
-25.899921	44.66146
-24.557882	43.740543
-23.240608	44.225887
-39.260094	-6.452594
-26.122013	45.031574
-23.320564	44.28521
-16.325397	15.677535
-29.025549	-5.46711
-15.604472	14.944582
-15.653645	14.88187
-8.298049	23.951777
-24.337427	38.647682
-8.007776	24.547754
-39.56277	-9.289456
-39.007397	-11.433639
-39.093468	-11.864298
-39.11181	-11.906445
9.263579	44.25609
-24.305523	54.187626
-24.333536	54.059044
-24.354576	53.938087
-25.681564	42.11258
-15.731486	-16.949844
-9.745364	-24.250645
7.257162	54.713116
-24.155188	52.990795
3.918132	8.324762
-27.570963	39.221943
-34.679283	39.578327
-17.16642	16.823175
-19.589191	19.39673
-13.515461	-11.414399
-20.595255	4.498882
-18.45063	20.74945
-19.659254	21.742044
-17.821676	19.544296
-19.894623	21.962257
-18.659382	21.690456
-18.950148	22.764551
-20.954765	22.045631
-17.308573	24.145485
-17.148632	22.59398
-16.930214	24.412535
-17.91005	24.10018
-27.523724	35.871708
-27.613882	36.749454
-26.980936	36.57811
-27.493856	36.50586
4.990586	25.176352
5.718692	25.060877
6.10024	25.43607
5.73874	25.740732
4.719927	25.78794
5.395999	25.654226
4.958418	26.056053
5.08981	27.886517
5.214178	27.963526
5.514048	27.754269
2.996836	27.63575
2.926175	26.972305
2.581989	28.65318
2.825599	27.02172
7.413987	26.8905
7.755714	26.970442
6.85984	27.293844
7.223726	27.56419
7.693796	27.7233
7.757208	27.29975
-15.503541	55.163994
-15.481265	55.17842
4.839036	24.650871
5.963443	24.589178
4.562136	23.429098
-4.00551	-4.462756
-8.11827	-0.692265
-5.538048	-4.07769
-5.364599	-4.341674
-5.40562	-4.780774
-5.082431	-5.034446
-2.700528	-7.546802
-1.580765	-8.514926
-1.312967	-8.595143
-1.307972	-8.597028
-2.328215	-7.743891
-7.358632	-2.935998
-40.850277	22.469711
-39.051655	21.978945
-39.097534	22.097034
-41.489346	15.209751
-42.21464	14.64997
-41.86795	14.986784
-42.28422	14.062885
-41.82027	13.909102
-41.099545	14.720489
-41.70107	14.530942
-41.23057	14.193126
-42.33008	16.382223
-42.4958	15.322555
-46.53401	19.684637
-46.46881	19.572935
-47.522606	13.092141
-47.30389	13.215429
-47.844707	14.294897
-48.321552	14.107767
-48.2701	13.683414
-47.90991	13.784543
-47.660072	13.995489
-46.28752	13.585351
-46.566437	14.74377
-46.485058	14.461231
-46.618004	15.062366
-47.991524	15.484861
-48.259686	15.448442
-48.51382	15.322034
-52.0456	31.148308
-52.065254	31.139114
-43.1327	22.873594
-11.251216	0.408562
-11.230287	0.391608
-42.381035	23.546455
-42.346016	23.552261
-41.980034	22.465822
-42.089695	22.312311
-41.914593	22.547241
-38.562176	19.80148
-39.818924	37.105537
-38.556286	19.777279
-5.69849	65.1991
-6.752616	62.465363
-22.81718	49.88059
30.15907	34.477997
6.547018	50.168964
-39.81078	-11.570182
25.60382	38.40177
20.051447	45.5147
11.642222	54.0275
11.336259	54.157852
10.464127	53.490196
9.977977	45.17727
10.851659	53.575253
10.307602	53.35701
9.070606	53.59995
7.887534	53.75752
-41.53267	45.861973
4.555428	48.866524
4.501112	48.84183
4.743867	47.272106
4.895164	47.206192
5.644548	47.78513
-5.387761	69.00702
-5.679804	67.18973
-39.562775	-9.289512
-39.661617	47.937008
-38.90444	48.749424
-7.00757	66.988815
-8.310465	66.21711
-33.530388	46.81426
-10.021054	67.1443
-10.032583	67.147736
-5.866354	62.94576
-5.661048	68.497574
-8.347372	66.19733
-6.618756	67.464966
-6.358068	63.671986
-28.006182	36.673603
-33.496044	46.585384
-33.72508	46.29212
-40.296787	47.23468
-42.2645	45.371456
-33.60728	37.927563
-39.576393	-5.279435
-33.582584	37.775818
-48.72322	34.56258
-48.73482	34.962173
-48.228546	34.600166
-48.338177	35.413265
-47.7549	34.856304
-48.587223	34.295994
-44.713104	13.488998
-38.78512	18.42838
-43.884468	41.629402
-39.1322	46.23417
-38.52721	47.54745
-38.681973	47.328495
-39.69051	45.47059
-42.6689	42.84592
-42.895096	42.64503
-40.422585	44.679382
-46.52538	40.793423
-47.002686	40.578312
-47.541126	17.465244
-46.160187	41.54296
-46.74047	41.350094
-46.964455	41.654694
-47.927155	41.19845
-47.96008	40.53807
-47.356693	41.10107
-48.474216	40.691097
-47.88247	17.309172
-48.71955	40.951057
-47.73455	37.012253
-49.951748	35.280647
-49.943756	35.422115
-47.748756	37.010525
-43.649307	38.17577
-44.232147	44.70916
-44.91485	44.14274
-44.60788	44.44301
-45.206158	43.985
-45.657528	43.704124
-40.66136	39.848377
-36.01145	42.262585
-36.04086	42.20219
-40.915344	39.536964
-39.07342	41.894737
-38.522095	42.402744
-38.00279	49.6212
-38.536194	49.607784
-38.622066	50.061584
-38.920864	49.675358
-39.1187	49.83282
-39.58594	49.103645
-3.939653	-5.906191
-44.583252	38.77979
-40.98019	38.67065
-41.10956	38.78785
-45.031494	38.529682
-42.932037	38.59065
-42.948555	38.599
-44.908695	39.26963
-45.66311	38.427902
-39.991417	39.71382
-39.7175	39.00791
-39.36811	38.057198
-39.525116	40.22685
-38.707073	40.09363
-38.867226	42.90032
-38.54874	43.609764
-44.337265	42.660336
-38.04699	45.191395
-38.140587	43.844433
-38.356987	43.228252
-38.604496	40.044807
-51.4847	16.813934
-51.80554	16.824326
-52.15649	16.719374
-52.327957	16.450527
-52.243683	30.273106
-51.759617	15.895475
-51.4501	16.087202
-52.13963	15.882293
-51.212543	15.17013
-50.9795	33.907654
-50.60474	34.152344
-50.68292	34.71865
-51.08542	34.4089
-50.903587	34.9564
-51.349846	34.881256
-43.941513	45.43671
-39.531403	16.081263
-37.430237	9.251885
-37.45816	9.262544
-37.47192	9.262213
-9.699343	-47.46961
24.485764	-63.38477
24.253693	-62.80334
7.256337	-45.22312
24.35254	-62.83805
37.026253	-53.30248
38.017212	-53.492165
37.096134	-54.00015
24.136871	-61.30266
36.71536	-55.176517
36.376026	-56.027744
36.50814	-54.300877
33.77982	-55.516396
36.66005	-56.37716
36.66005	-56.37716
27.471922	-37.604378
33.466084	28.903627
33.46623	28.903627
35.299065	-56.07828
34.319305	27.152443
34.76592	-54.157513
29.06441	-60.128696
29.001528	-60.60392
29.094925	-59.04047
29.185032	-59.714973
31.82254	-58.86316
31.648634	-59.21188
30.140932	-58.866722
30.159756	-59.458164
48.961277	-37.558937
32.083664	-56.28722
33.446495	-36.37572
33.418926	-36.385517
33.38841	-36.45908
34.828102	-37.61699
34.917934	-37.882103
38.535282	-46.507233
33.778625	-34.753265
33.67349	-34.56481
37.67242	-45.265636
37.81428	-45.728844
27.81506	-30.908089
29.387775	-30.087988
22.045446	-63.05204
24.936466	-62.096172
25.66599	-61.7997
25.691315	-62.219425
20.3944	-63.05155
22.413254	-62.290424
23.10289	-62.558735
1.496331	-3.985084
1.49742	-3.990915
1.549523	-4.311856
28.06741	-59.485954
26.98896	-59.758953
29.767809	-54.79548
30.22881	-56.237495
16.673658	-48.02651
29.610891	-57.91356
29.532608	-61.018112
29.827415	-60.668552
23.270279	-63.92206
28.189623	-61.21586
45.267017	-41.65109
44.76088	-42.654667
22.57299	40.709972
22.5659	40.711163
38.431675	-38.793953
30.149216	34.477016
23.775757	23.01745
37.75472	-23.144693
37.36076	-52.764725
36.782524	-53.17014
32.11501	-39.865215
32.172558	25.078285
38.22023	-38.744267
24.67311	21.83557
44.960552	-23.965643
24.224186	21.953297
44.719833	-23.53503
44.96543	-22.940264
45.00402	-23.231565
-27.982252	8.720796
-27.857777	8.769452
18.92813	-59.724773
20.70095	-61.26742
-34.299255	7.71676
-13.902261	-49.393528
-30.34705	15.344489
13.242864	-28.903177
39.748077	-37.523773
39.87564	-32.786304
33.660595	-40.277706
35.96031	-50.867702
18.251858	-19.40814
37.74362	-50.881927
28.73679	-39.154278
32.606834	26.691948
28.470816	34.2081
29.450745	33.768024
35.825073	-52.323006
34.134056	-50.20392
34.299576	-53.439575
26.671844	-38.800385
32.400715	-33.557083
33.974617	-48.18076
32.43055	-33.56721
33.974594	-48.180866
15.873273	-52.29937
33.62854	27.311314
34.526634	-42.08619
36.15226	-51.545506
37.347923	-38.015324
33.84962	-44.002068
36.16063	-50.339
27.141308	-38.51142
35.550926	-48.339966
35.47552	-48.342007
34.593513	-45.576023
33.61345	26.669926
35.524178	-53.622913
31.972225	-49.579754
33.92206	-52.666714
33.745335	-52.457493
25.755533	-38.146015
33.61345	26.669926
28.848425	24.967754
22.329752	-36.614975
22.374046	-36.57299
32.65505	27.235893
30.427723	-50.312305
31.759232	-54.35222
31.669277	-53.629448
20.237242	-40.97677
32.97279	-53.68453
32.363552	-52.06435
32.097958	-51.93047
20.926958	-39.935898
19.379002	-39.839554
-25.286098	6.431508
14.122095	-47.317352
14.544485	-47.389988
24.71209	-57.12357
12.570402	-36.30701
28.911505	-56.695927
24.72372	-57.162308
2.245623	-40.897953
30.940384	-41.4487
20.991047	-39.873512
2.549829	-17.521986
18.337519	-38.91875
0.448123	-15.420298
32.817394	-50.375286
31.753796	-40.795753
40.20447	-30.469488
40.33448	-30.476606
47.76538	-37.579407
48.660095	-37.766026
38.703384	-48.53156
38.72372	-45.9141
35.380016	-39.921974
38.72978	-48.305874
27.595985	25.793732
25.622984	-37.772957
27.839993	-34.544067
19.573095	-32.72355
17.966763	-26.718294
35.065777	-0.608633
17.95046	-26.723919
21.537848	-29.159395
28.927	26.944193
22.476048	-33.87038
23.037172	-30.826008
26.688263	-34.373314
30.850214	-48.499996
31.05391	-48.62821
30.771442	-48.37889
-13.71921	-49.532543
27.409382	35.749943
26.8046	25.943117
25.495117	-33.013752
19.808727	-7.399586
28.011034	35.37094
31.041042	26.660284
28.125359	26.534546
24.708902	-38.401615
44.53028	-20.959309
29.59686	28.700783
29.006075	27.965782
29.041098	27.93596
29.174406	30.8394
31.80508	-39.93526
32.08449	-48.33471
30.429745	-39.64138
23.895065	-39.270317
23.389074	-39.436714
27.834927	-30.87928
29.390669	-30.144463
29.32778	-29.7797
28.572508	-34.024006
-18.864597	-5.141083
19.70176	-64.39595
19.667545	-64.39243
21.162607	-63.150925
20.949484	-39.15478
21.991789	-29.670782
29.188034	35.6479
16.21375	-52.291965
20.018978	-58.315403
34.1259	-47.0712
34.226776	-50.59144
25.63313	-34.91363
16.784197	-48.1734
1.97812	-41.612648
32.096233	26.977743
32.61411	-54.39741
26.038715	-44.904682
13.662654	-29.259321
13.867307	-29.51709
17.212269	-44.771866
17.078287	-44.562614
15.226967	-50.458965
15.930133	-50.507614
16.144033	-27.252579
12.563531	-37.83883
36.89704	-41.11224
37.026405	-41.288586
37.654884	-41.26508
37.655174	-41.265354
38.084564	-40.68326
38.324253	-50.055206
37.71311	-39.602303
37.038746	-38.762444
43.783894	-41.54698
44.614357	-41.72433
44.167576	-41.40372
47.97322	-38.49489
47.373337	-38.140816
44.981735	-40.72758
44.05855	-42.122246
43.343906	-44.765884
21.851688	-52.24165
24.421028	-50.95508
27.736774	-51.449314
26.6707	-49.96623
32.916924	-40.247597
25.981544	-46.186363
26.69338	-48.707573
27.018148	-49.108204
26.680548	-48.329082
26.22038	-47.02617
22.239384	-29.493132
25.562733	-34.002205
25.27117	-34.25792
38.872845	-30.388561
48.057495	-37.025444
48.358284	-36.922047
45.833454	-38.225494
46.838882	-39.109955
45.092033	-37.92209
41.241566	-32.039845
33.948112	27.759138
