0.456601376	0.432806409
0.611378467	0.528624599
0.450298974	0.711606121
0.63901505	0.460743982
0.628956784	0.323469515
0.566210439	0.289357728
0.567653036	0.295472658
0.436023991	0.415775727
0.545413794	0.367501782
0.439452808	0.547867429
0.512200437	0.500864647
0.391758778	0.610347304
0.521857028	0.576906081
0.719418958	0.436480939
0.299532932	0.623062727
0.498224148	0.428399838
0.274052292	0.48043206
0.382840217	0.544068886
0.424923199	0.284825728
0.520723821	0.325427336
0.443295577	0.32697892
0.398821217	0.449177578
0.50434998	0.31104973
0.641831638	0.446342302
0.387513905	0.583577668
0.393993612	0.435549232
0.531041009	0.629564964
0.688896809	0.524163138
0.649396231	0.374109163
0.465588046	0.380826035
0.625894616	0.297861528
0.33422594	0.471608482
0.366800674	0.709811248
0.741627778	0.588991019
0.382722631	0.452737368
0.565063292	0.436880702
0.350759666	0.473150343
0.568142992	0.422846001
0.498288785	0.389116563
0.436428372	0.692301106
0.603725413	0.46839656
0.588849877	0.475244028
0.698996224	0.391536094
0.675242181	0.566520058
0.645562395	0.457586972
0.415527426	0.526148836
0.29194679	0.42723348
0.437561332	0.644688135
0.333454401	0.46901269
0.54348535	0.55751801
0.441192395	0.515412881
0.570696482	0.626295937
0.706547057	0.352661536
0.443121469	0.632249213
0.323144616	0.51426241
0.700978714	0.60583303
0.679440511	0.33386384
0.715937438	0.53697693
0.479752363	0.700787528
0.410038387	0.509988752
0.490086125	0.629422931
0.466037476	0.626851254
0.323512006	0.63934958
0.447337519	0.73483245
0.555657132	0.571502288
0.570704915	0.332248365
0.62278129	0.330693138
0.600688923	0.292814702
0.667654257	0.575272442
0.309970328	0.452652917
0.612763091	0.502756861
0.328603507	0.441312937
0.306565375	0.351961443
0.605176558	0.482149292
0.440146904	0.495593601
0.59814453	0.553260375
0.44347199	0.462253594
0.422174903	0.341039015
0.455506487	0.411712028
0.472055587	0.716568367
0.734719185	0.575853633
0.515538126	0.724575685
0.32731496	0.626380747
0.434634138	0.363415816
0.38319743	0.276210001
0.480222628	0.398718037
0.53796144	0.607739691
0.31976326	0.624191564
0.528466659	0.548024492
0.477101997	0.402280693
0.333318073	0.468497632
0.675384204	0.319702738
0.40951456	0.4284274
0.500661883	0.626592317
0.498277632	0.538201034
0.501263214	0.574849165
0.689240924	0.386320216
0.744636628	0.486579499
0.54773062	0.668460275
0.391539638	0.57762942
0.557290308	0.617882288
0.541604228	0.479915255
0.513796725	0.628531342
0.479166991	0.649591184
0.672037022	0.404096438
0.395822788	0.658845262
0.578742677	0.694188443
0.605890488	0.530393649
0.407653341	0.440707201
0.427227565	0.618506474
0.516001237	0.458530415
0.591335673	0.265449068
0.486231896	0.463546979
0.411436412	0.404495539
0.410134826	0.494647077
0.467999429	0.412873166
0.581955928	0.687203292
0.67930805	0.383563122
0.389370545	0.573405704
0.496063833	0.329089915
0.678104821	0.332927481
0.349690312	0.432993399
0.285387274	0.444061977
0.480281031	0.746557417
0.275868306	0.424930865
0.716596464	0.496176813
0.627569008	0.552346722
0.3086352	0.606506002
0.518435074	0.625593318
0.32527277	0.518663879
0.536421103	0.31928528
0.636050643	0.452177164
0.655083675	0.673769541
0.381049287	0.344284865
0.69774182	0.500285479
0.29387974	0.566031878
0.395057307	0.307761411
0.587528314	0.502985044
0.475772436	0.657116296
0.576591312	0.607363057
0.431207823	0.453604839
0.427137401	0.732422242
0.509538178	0.693177716
0.518169833	0.511140999
0.448645586	0.681190318
0.682341734	0.430784155
0.530966607	0.298528927
0.6008978	0.663542962
0.467801693	0.394783616
0.591564414	0.385065262
0.387755004	0.679711139
0.367824535	0.437216486
0.436390377	0.411283289
0.626036707	0.433024003
0.477643048	0.717473875
0.505477179	0.539542428
0.522194318	0.703180815
0.4717769	0.60646475
0.505053171	0.669409995
0.650228341	0.570699786
0.309617037	0.526590983
0.624950907	0.447610198
0.50536207	0.675069064
0.623523013	0.64217533
0.510621673	0.419119158
0.291118877	0.36246463
0.341352042	0.483689738
0.61628997	0.462639257
0.706860612	0.461307721
0.51860516	0.372526473
0.681963345	0.573433214
0.56635785	0.491353906
0.708620206	0.418447817
0.524969237	0.485610262
0.661533203	0.549532458
0.465675239	0.566996966
0.641178804	0.468606179
0.435443785	0.621154563
0.358125274	0.477791281
0.449373102	0.488194115
0.363992875	0.603207977
0.412021892	0.389328502
0.589004724	0.726746496
0.431326795	0.575065504
0.492707749	0.381474838
0.580920338	0.279201336
0.614977747	0.489429364
0.490851774	0.363788212
0.412640416	0.412251773
0.32535299	0.350407074
0.697467863	0.493922154
0.496733659	0.705996266
0.368501934	0.538240824
0.377834872	0.334700629
0.492117042	0.263301688
0.401130102	0.324996359
0.688696049	0.641825213
0.441495338	0.273923992
0.444583607	0.402545571
0.646762763	0.689444723
0.495218299	0.542900426
0.619717135	0.693812628
0.297349536	0.483082484
0.620988966	0.496619436
0.568422238	0.320046137
0.480841979	0.380708509
0.513240509	0.469001847
0.697731289	0.397721969
0.46275716	0.546525462
0.731161307	0.474336385
0.450744208	0.309055908
0.461485334	0.453547169
0.643501848	0.646383899
0.330097533	0.614298001
0.602870159	0.60084842
0.43477018	0.557562737
0.693294895	0.565453459
0.524757221	0.264012072
0.50029179	0.541869235
0.652220689	0.661786206
0.290258481	0.350733484
0.507168745	0.506485021
0.291768639	0.575869221
0.375520317	0.689876099
0.617353582	0.528187577
0.631710072	0.579553634
0.408939662	0.498329322
0.681252458	0.316444056
0.440745362	0.51965318
0.372842206	0.47187573
0.411942536	0.491836953
0.743425497	0.436169222
0.494227905	0.613345616
0.593599087	0.410160386
0.572970293	0.728394506
0.659102462	0.640855419
0.609492664	0.606361532
0.488066976	0.51804265
0.572569676	0.476282701
0.435517532	0.527978445
0.653921233	0.463350626
0.5068256	0.501064744
0.494743187	0.55971508
0.497416782	0.40614885
0.523387127	0.341093611
0.464599928	0.529103362
0.594402453	0.605752468
0.567737526	0.345477804
0.612060627	0.348437758
0.277289017	0.482031446
0.339198188	0.650836679
0.414182506	0.582043372
0.467319985	0.573999813
0.438974218	0.391411396
0.416556258	0.585516571
0.416365521	0.358009443
0.447226773	0.323946928
0.552948659	0.61175751
0.386077108	0.558459202
0.746576955	0.485244779
0.678768319	0.544416695
0.441744337	0.530424316
0.704135581	0.429078351
0.602587258	0.651917886
0.451500674	0.549416815
0.344067695	0.31452274
0.657166453	0.339549414
0.539113399	0.403019829
0.578591159	0.275680133
0.751752666	0.498094167
0.611623244	0.354714424
0.443941054	0.589124434
0.536475266	0.469434793
0.637559091	0.584709283
0.322681119	0.466587682
0.709328953	0.636966691
0.416706745	0.40979298
0.402268437	0.446011764
0.631241162	0.456621275
0.51387299	0.295072307
0.563068195	0.691523335
0.354084676	0.484169476
0.526464865	0.444383427
0.545713184	0.589589636
0.345579684	0.451227266
0.650714347	0.636495237
0.742532861	0.534712514
0.68232732	0.635245837
0.508134443	0.563505045
0.522107958	0.387819765
0.22251832	0.788329871
0.145966803	0.763231006
0.237499442	0.765598415
0.198028585	0.709898257
0.261664683	0.670441875
0.203041695	0.734797514
0.306490416	0.690291956
0.284277764	0.738365511
0.205309673	0.74281701
0.207718374	0.750787303
0.238798595	0.754312236
0.218019578	0.718603417
0.215244611	0.771191705
0.203935084	0.780359625
0.260757202	0.718573999
0.293135146	0.714649475
0.203996145	0.818481352
0.280356807	0.716128976
0.222447944	0.672762552
0.187957281	0.7862968
0.287297449	0.794590039
0.271275322	0.75217995
0.25260232	0.73756882
0.209213103	0.754348463
0.275276373	0.785318129
0.202908114	0.705182171
0.237559087	0.825106558
0.196436599	0.730511204
0.251461542	0.79834554
0.229272812	0.737001377
0.298322546	0.760929794
0.202967734	0.79845801
0.243986903	0.803251272
0.282345438	0.650721846
0.260553834	0.723527286
0.268757825	0.724368894
0.306380966	0.789958202
0.264704377	0.761520127
0.182989674	0.72789449
0.217024639	0.736827961
0.181823987	0.774030245
0.306559326	0.733795933
0.23527779	0.738042208
0.310009026	0.788579458
0.210345558	0.687493224
0.254112471	0.765649395
0.278149027	0.727107938
0.266082956	0.791596761
0.300329967	0.723457386
0.181521516	0.709533832
0.251277625	0.7438695
0.309862657	0.777536077
0.230745979	0.682410089
0.215698808	0.762004692
0.183517955	0.798141297
0.20625837	0.769156073
0.294750374	0.748684733
0.328114488	0.810448047
0.208239343	0.738763403
0.230558746	0.694913065
0.244398705	0.765492638
0.286691085	0.761409481
0.301483854	0.703444148
0.252824484	0.775523407
0.322085705	0.760092812
0.255789061	0.7494393
0.171957835	0.73686355
0.188027929	0.724450806
0.169384589	0.715420181
0.189601717	0.682044328
0.254090146	0.79161986
0.257568499	0.743444005
0.217110194	0.729390708
0.228626372	0.766757362
0.25254817	0.789807285
0.307383782	0.701516815
0.281927532	0.768905388
0.269480714	0.837375853
0.258821822	0.725529629
0.242135412	0.820011553
0.262916527	0.703667804
0.254688444	0.761416354
0.237450151	0.726708586
0.304001015	0.80090673
0.257958082	0.718935668
0.266345872	0.75200181
0.298643431	0.700208898
0.25924847	0.776363558
0.205993591	0.740039982
0.217882908	0.740314018
0.317957678	0.749793213
0.213828567	0.794344693
0.255767563	0.694139637
0.252223714	0.794394001
0.300217723	0.743089979
0.19708666	0.795476432
0.318762468	0.766944979
0.220210422	0.842879398
0.356481898	0.782707269
0.18097221	0.781298692
0.837799737	0.753835888
0.729453857	0.77958367
0.680652189	0.717768935
0.763880983	0.657228209
0.780885319	0.659273495
0.8311747	0.726220626
0.743277822	0.684102923
0.680688321	0.747536864
0.850618735	0.79908037
0.756900085	0.795253852
0.763089945	0.68529254
0.708733126	0.765535222
0.703148669	0.79964659
0.695686926	0.759007915
0.770220159	0.749528422
0.702371145	0.768924986
0.753402296	0.799367968
0.689290382	0.734876297
0.765108296	0.674733173
0.705215264	0.676825657
0.711615617	0.817486736
0.711351969	0.742594037
0.706427376	0.796026414
0.794079343	0.707337955
0.823715106	0.679473231
0.798465757	0.700146351
0.766575763	0.756668423
0.725869105	0.664606105
0.754130483	0.723859731
0.744878216	0.739472619
0.787202386	0.817325416
0.783092489	0.731655816
0.765197108	0.769294281
0.752010662	0.687644087
0.796145985	0.839368864
0.6509475	0.782796849
0.801206076	0.712563451
0.806195495	0.724952204
0.727537208	0.698338876
0.772881272	0.744732139
0.780252413	0.724147037
0.76990653	0.793218585
0.812395764	0.706817136
0.730404601	0.720324992
0.705622459	0.774470827
0.753938227	0.695374609
0.736188133	0.820387588
0.711401344	0.729417774
0.728390386	0.740095037
0.819922459	0.662486441
0.693293173	0.748372038
0.788716385	0.65533738
0.758734655	0.714384028
0.743645108	0.741107199
0.839976341	0.739751213
0.71955661	0.757734972
0.738706561	0.713457351
0.75857182	0.741501144
0.726016599	0.719915534
0.761046704	0.766615784
0.744639088	0.770545669
0.804237694	0.793427266
0.843634259	0.723509085
0.761576445	0.773510368
0.744747163	0.812900186
0.698756677	0.699283456
0.836569859	0.739527344
0.705538417	0.803262354
0.740565845	0.72200129
0.756813606	0.751540236
0.675660164	0.758651507
0.709715086	0.71244381
0.667733847	0.698238916
0.669730607	0.695026233
0.685275491	0.781082155
0.767339464	0.772005716
0.811667198	0.796389167
0.73539549	0.763057512
0.730492824	0.728484957
0.735357614	0.813521908
0.829462601	0.776792946
0.747674614	0.719859792
0.69273274	0.670002374
0.752236517	0.660460621
0.762326392	0.802484947
0.668586601	0.781769464
0.770108481	0.705184788
0.786298928	0.69006528
0.683046914	0.764038217
0.644679231	0.763977087
0.743158959	0.772514197
0.728660128	0.666685034
0.706735917	0.787746587
0.739423366	0.786025905
0.749466614	0.732813183
0.824841852	0.713415716
0.823958665	0.767519017
0.815514941	0.713517016
0.785691423	0.681913843
0.70826683	0.761234228
0.290949978	0.855766687
0.750067602	0.897027661
0.040554928	0.507240079
0.835161911	0.138940388
0.174740332	0.363686112
0.151506125	0.876585663
0.860308285	0.6338334
0.86208259	0.591805384
0.916029808	0.523390593
0.427325473	0.833766574
