5.400072	-9.968909
3.316528	-3.642751
5.928292	-10.024066
3.962538	-4.304538
4.694938	-10.66923
0.437512	-8.59682
5.476058	-5.653944
5.186774	-8.056562
4.882684	-8.721597
5.653087	-8.101696
4.158019	-9.510807
2.068148	-10.771414
-8.829561	11.616162
-8.317953	10.376654
-7.883801	11.741035
-7.6821	10.891972
-7.487382	12.131999
-8.271387	11.644603
8.491039	-6.4434
9.252022	-5.587294
7.305056	-7.18644
7.307266	-4.424547
6.171276	-3.678312
6.506528	-4.028086
1.759185	-7.66079
1.055695	-9.550566
1.024394	-9.677672
6.470926	-6.533404
1.400705	-11.64798
-3.464716	-8.787698
4.07411	-7.802494
3.520055	-7.38623
3.224609	-8.264429
2.635978	-8.053084
1.368837	-11.88098
3.309938	-7.852348
-6.29374	10.760269
-6.039242	10.706254
-5.963224	9.953166
-6.314971	12.444797
-6.444342	9.792647
-6.613206	10.742578
8.708333	-4.161388
8.425102	-2.982578
7.474834	-6.304192
8.548081	-5.246801
8.071916	-5.696689
7.683638	-5.451805
-7.479973	-11.368732
-7.651911	-12.732457
-7.288181	-12.523489
20.592203	-5.884502
-9.290268	-12.61548
-5.972016	-12.470326
-9.102957	-14.801123
-9.254142	-13.818677
-8.894222	-14.366612
-8.673294	-4.398306
-9.880258	-14.469122
-9.321269	-14.56702
19.11829	-3.497716
19.736006	-4.259269
21.38935	-3.60195
21.177425	-4.47965
20.658056	-5.735605
21.382113	-3.133799
20.068533	-2.100128
19.362413	-2.545451
18.630342	-2.099609
19.09525	-2.116352
19.969048	-3.010673
19.341839	-4.090317
13.18856	8.200972
16.358576	9.085324
14.306865	9.585987
17.661312	7.544641
-3.347616	-11.124436
15.624875	10.702658
16.974277	9.852195
16.458982	9.940314
16.296421	11.138483
14.763076	13.393384
14.753985	11.639331
16.437536	10.519148
18.290964	8.232361
11.185058	9.752749
17.290443	8.018664
12.643395	9.27482
13.231113	9.895064
12.295331	8.889234
17.806425	4.648164
13.986053	4.02222
12.912724	5.934304
17.806425	4.648164
13.986053	4.02222
12.922713	5.935564
1.346802	6.735293
0.849104	4.793981
15.568428	6.447509
2.539874	11.106566
0.378799	6.687124
1.213474	5.950708
2.126765	5.015414
3.058624	4.195055
2.681926	5.541528
2.655682	6.732049
2.679715	5.125
3.072692	7.203524
1.798249	9.743126
3.026522	9.896186
2.58239	9.715016
2.559054	9.13637
2.432081	9.956429
1.949762	5.965502
4.04567	2.928807
6.10585	3.247495
4.358976	2.043552
4.046343	2.928843
6.105852	3.247498
4.358808	2.043506
13.67886	12.937154
13.62069	11.790583
13.761053	11.91254
12.116143	8.08946
2.415996	0.616605
12.316596	17.19825
11.751129	17.50395
13.802361	14.253642
12.89504	15.373029
13.286055	13.577567
14.006165	13.176646
12.602097	12.217487
10.171281	18.454584
11.350318	19.151566
9.762609	16.972027
13.164001	8.87833
10.775784	17.814617
11.072345	19.269255
12.032309	4.381384
13.564557	1.410955
14.422576	1.965763
12.03234	4.381518
13.564557	1.410955
14.422576	1.965763
0.921387	-21.639135
0.784876	-20.963158
1.54837	-22.00767
3.336987	-20.866455
-6.600124	-10.532237
-6.44704	-11.210049
3.400862	-18.267366
5.671818	-21.671715
5.60042	-20.92921
5.325964	-21.412119
2.714619	-18.45381
2.716065	-19.043018
2.951923	-22.263393
3.301969	-21.746805
3.929002	-21.514334
2.900778	-20.238415
1.165686	-16.871655
2.686574	-21.251534
14.21239	-4.027094
12.686366	-3.697317
13.252236	-3.7944
14.277097	-2.617502
13.317067	-2.771248
12.694766	-4.296079
-12.887811	-6.77088
-7.684938	-9.751604
-15.5034	-5.152764
-19.043808	4.321238
-9.204381	-6.011664
-14.263311	-6.34777
-17.466139	-3.518063
-12.062939	-5.588024
-14.375611	-5.693401
-14.516431	-5.024657
-16.501804	-4.371983
-15.245928	-5.781991
-20.606384	-1.322355
-20.103567	-2.059671
-20.440483	-2.418995
-13.775415	-1.070061
-13.450807	-1.228333
-14.292418	-0.913361
-9.557559	-3.936762
11.266438	-5.140257
-19.395124	5.63903
11.300617	-4.453528
11.52432	-3.966745
-19.32128	5.00319
-4.318568	-10.221435
-5.220012	-10.536901
-5.290346	-9.013886
0.879611	-1.573881
-4.963398	-10.644111
-5.787819	-9.677042
-7.85162	-7.211533
-6.612957	-8.954135
-6.620556	-8.314564
-5.983706	-8.931273
-5.543721	-8.336016
-6.004963	-8.092138
10.286242	-0.667942
2.931664	-1.356884
2.131453	-1.203865
1.635547	-1.525251
1.56137	-1.213459
0.86306	-1.83609
11.144274	-2.268606
11.929537	-1.703328
11.208959	-1.4208
11.52744	-2.391262
11.9834	-1.848449
11.540145	-1.137665
3.822812	-19.884993
5.869774	-23.852592
4.192442	-19.690022
3.251644	16.614464
4.023211	-23.048424
0.176866	-19.375505
7.071207	-22.648245
9.367505	-21.999104
4.260662	-24.982628
9.54989	-22.063908
4.252302	-24.233475
4.749624	-24.936466
4.321218	18.544811
3.788442	18.384966
3.515701	19.29592
4.017602	19.611376
4.32182	19.03619
3.41668	18.696169
13.180343	-0.92835
13.731956	-5.529395
15.153131	-4.791685
13.18023	-0.928302
13.731743	-5.528984
15.153275	-4.79313
-15.014912	-1.727527
-14.515807	-2.049842
-16.269083	-0.22116
-20.08259	2.852215
-16.300467	-5.875386
-15.515819	-7.374153
-18.33354	1.583264
-15.282894	-4.306456
-17.84044	-2.304384
-19.251764	-3.410602
-18.55897	-2.870778
-20.213593	-3.595724
-20.056318	6.736952
-20.733849	5.536886
-19.995365	7.291262
-20.394897	7.081553
-19.411404	7.375978
-19.280315	0.063732
-13.796813	0.610387
-13.682712	-3.190387
-14.942523	0.510357
-13.796886	0.610407
-13.682669	-3.190424
-14.942874	0.510252
1.238239	-18.671804
1.568152	-19.703215
6.43295	-22.818813
5.387742	-22.556368
-0.168732	-19.877493
6.31521	-24.645628
5.515075	-18.30071
4.822232	-17.824265
5.073195	-18.423744
7.702886	-22.968954
7.151915	-24.233768
6.921368	-23.74838
5.35437	-19.402172
7.882714	-20.894077
8.420206	-23.603575
6.446676	-18.985786
6.443474	-19.50646
7.779629	-21.304071
16.41877	-7.344541
16.021954	-6.479645
16.738626	-8.81097
16.415854	-7.346359
16.021954	-6.479645
16.738626	-8.81097
-15.651753	-2.804355
-15.871136	-2.576212
-16.714302	-2.511148
-16.045982	4.933802
-18.541805	-5.116296
-12.072672	-7.010463
-18.578905	-0.091226
-19.351974	-2.540124
-18.548395	-3.902522
-17.676842	0.721848
-17.170238	-0.79293
-18.744865	-1.887044
-20.471924	2.419281
-22.165644	3.702825
-21.712948	4.457599
-21.650429	3.716047
-22.524868	3.407988
-21.258299	-0.039498
-17.65435	4.379392
-17.576315	1.658109
-16.028248	2.16477
-17.65435	4.379392
-17.576221	1.658128
-16.028185	2.164755
9.561537	-18.583302
9.344673	-18.793945
9.066974	-18.901394
10.588706	3.701258
-0.54545	5.057338
9.569318	19.741083
6.960064	16.428276
8.163457	18.544178
8.32741	20.518286
8.231374	19.330975
8.998925	18.782486
9.38765	19.252062
7.202037	19.492918
7.017115	19.084194
6.863417	20.187227
7.204336	20.709898
6.287248	18.950378
7.56623	18.457413
10.577053	3.131975
6.081784	17.499636
10.707831	5.519367
10.576766	3.132403
6.083066	17.499208
10.707675	5.519298
-0.965916	-22.201065
0.428008	-23.780813
-0.658372	-22.168219
-1.795651	17.301054
-3.176077	-14.71928
0.282153	-23.70279
-1.686992	18.252853
0.830569	17.794878
-0.221526	18.765953
-0.871812	18.350658
0.912156	18.504759
-0.13939	18.597868
1.264879	16.387201
1.633624	16.270765
1.724472	16.862799
-2.3822	17.515
-3.044893	17.440863
0.491771	16.948782
-10.027419	-3.699697
-9.767554	-4.762843
-10.854367	-4.915259
-10.236148	-3.875898
-9.923025	-4.908005
-10.940708	-4.540578
