1.344	0.496
1.33	0.498
1.32	0.499
1.31	0.501
1.298	0.504
1.285	0.507
1.271	0.511
1.256	0.515
1.239	0.52
1.223	0.525
1.206	0.53
1.188	0.535
1.17	0.541
1.152	0.548
1.133	0.554
1.114	0.56
1.094	0.567
1.075	0.573
1.056	0.58
1.037	0.586
1.019	0.593
1.001	0.599
0.983	0.606
0.966	0.612
0.948	0.619
0.931	0.625
0.914	0.632
1.593	0.774
1.593	0.77
1.593	0.765
1.593	0.765
1.592	0.763
1.591	0.763
1.59	0.763
1.588	0.763
1.586	0.758
1.576	0.759
1.566	0.753
1.555	0.751
0.932	0.745
1.525	0.739
1.508	0.733
1.494	0.727
1.473	0.721
1.454	0.715
1.438	0.707
1.419	0.7
1.399	0.694
1.379	0.69
1.358	0.683
1.338	0.673
1.317	0.666
1.276	0.652
1.255	0.645
1.233	0.638
1.212	0.627
1.193	0.623
1.174	0.613
1.156	0.607
1.138	0.6
1.121	0.594
1.105	0.588
1.089	0.582
1.074	0.576
1.058	0.57
1.043	0.564
1.026	0.562
1.009	0.555
0.989	0.549
1.421	0.497
1.421	0.5
1.414	0.504
1.404	0.507
1.393	0.511
1.381	0.515
1.368	0.52
1.353	0.526
1.309	0.531
1.293	0.538
1.273	0.545
1.287	0.551
1.269	0.559
1.22	0.566
1.202	0.574
1.183	0.581
1.165	0.589
1.143	0.597
1.128	0.604
1.106	0.612
1.09	0.619
1.068	0.627
1.049	0.635
1.03	0.642
1.012	0.65
0.994	0.657
0.975	0.664
0.957	0.672
0.942	0.679
1.173	0.686
1.16	0.695
1.148	0.702
1.139	0.707
1.128	0.702
1.126	0.704
1.473	0.71
1.454	0.713
1.434	0.719
1.412	0.726
1.063	0.733
1.05	0.741
1.04	0.748
1.03	0.756
1.021	0.763
1.011	0.771
0.983	0.78
0.984	0.78
0.983	0.78
0.983	0.78
0.981	0.78
0.98	0.78
0.979	0.779
0.978	0.779
0.978	0.779
0.977	0.779
0.976	0.778
0.974	0.778
0.972	0.777
0.968	0.777
0.961	0.776
0.952	0.775
0.937	0.773
0.924	0.775
0.91	0.774
1.815	0.746
1.824	0.835
0.919	0.747
0.912	0.746
0.905	0.742
2.67	0.7
2.66	0.697
2.651	0.693
2.644	0.69
2.634	0.687
2.622	0.683
2.618	0.68
2.595	0.676
1.567	0.672
1.557	0.668
1.537	0.664
2.528	0.66
1.499	0.655
1.478	0.651
1.459	0.647
1.441	0.538
1.422	0.64
1.407	0.636
1.388	0.632
1.369	0.628
1.35	0.624
1.331	0.62
1.309	0.616
1.294	0.612
1.275	0.608
2.249	0.604
2.23	0.599
2.21	0.595
2.191	0.589
2.171	0.585
2.151	0.583
2.131	0.58
2.111	0.576
2.092	0.572
2.072	0.568
2.053	0.564
2.034	0.561
2.014	0.557
1.994	0.553
1.975	0.549
1.955	0.545
1.935	0.541
1.916	0.537
1.897	0.533
1.878	0.53
1.859	0.526
1.84	0.522
1.822	0.518
1.392	0.496
1.382	0.498
1.372	0.499
1.361	0.501
1.349	0.503
1.336	0.506
1.322	0.509
1.308	0.513
1.292	0.516
1.275	0.521
1.259	0.526
1.241	0.531
1.223	0.536
1.205	0.541
1.186	0.547
1.168	0.553
1.15	0.559
1.131	0.565
1.113	0.571
1.094	0.578
1.075	0.584
1.056	0.591
1.037	0.597
1.018	0.604
0.998	0.608
0.979	0.615
0.959	0.623
0.94	0.631
0.923	0.638
0.904	0.645
1.566	0.749
1.567	0.745
1.568	0.711
1.57	0.741
1.572	0.74
1.567	0.742
1.56	0.724
1.551	0.734
1.54	0.726
1.527	0.72
1.513	0.714
1.497	0.707
1.481	0.7
1.464	0.693
1.447	0.686
1.429	0.678
1.411	0.671
1.392	0.664
1.374	0.656
1.355	0.648
1.335	0.644
1.316	0.638
1.297	0.63
1.278	0.624
1.262	0.617
1.24	0.61
1.223	0.604
1.2	0.597
1.18	0.587
1.161	0.58
1.141	0.574
1.121	0.566
1.102	0.562
1.083	0.556
1.065	0.549
1.046	0.543
1.028	0.537
1.01	0.53
0.992	0.524
0.974	0.517
0.956	0.512
0.938	0.505
3.281	0.761
3.273	0.756
3.267	0.751
3.258	0.747
3.25	0.746
3.237	0.741
3.22	0.735
3.205	0.729
3.189	0.723
3.172	0.716
3.16	0.713
3.138	0.706
3.082	0.71
0.94	0.694
0.94	0.694
3.023	0.684
3.001	0.682
2.981	0.656
2.965	0.646
2.659	0.65
2.641	0.634
2.651	0.625
2.885	0.623
2.866	0.614
2.581	0.613
2.828	0.607
2.549	0.599
2.544	0.597
2.505	0.593
2.471	0.589
2.466	0.589
2.715	0.587
2.696	0.585
2.281	0.606
2.261	0.598
2.248	0.593
2.63	0.584
2.604	0.597
2.585	0.574
2.565	0.568
2.546	0.559
2.527	0.553
2.508	0.547
2.486	0.54
2.468	0.534
2.448	0.528
2.432	0.52
2.41	0.518
2.394	0.525
2.372	0.501
2.353	0.497
1.877	0.515
1.791	0.567
1.78	0.598
1.776	0.537
1.839	0.562
2.025	0.578
2	0.515
1.974	0.495
1.463	0.715
1.458	0.709
1.37	0.723
1.367	0.724
1.429	0.73
1.417	0.798
1.347	0.848
1.197	0.862
1.17	0.868
1.133	0.819
1.118	0.821
1.103	0.824
1.089	0.826
1.074	0.828
1.059	0.83
1.042	0.828
1.025	0.823
1.007	0.797
0.985	0.792
0.967	0.795
0.947	0.794
0.928	0.797
0.908	0.8
1.182	0.752
1.346	0.743
1.349	0.741
1.349	0.737
1.348	0.737
1.346	0.741
1.342	0.737
1.34	0.74
1.339	0.736
1.338	0.735
1.341	0.738
1.337	0.738
1.34	0.738
1.336	0.738
1.332	0.741
1.325	0.74
1.316	0.732
1.305	0.742
1.292	0.726
1.278	0.72
1.265	0.714
1.248	0.708
1.231	0.705
1.213	0.698
1.195	0.692
1.176	0.702
1.157	0.681
1.138	0.68
1.119	0.682
1.1	0.722
0.943	0.654
0.923	0.65
0.917	0.586
0.92	0.586
0.921	0.586
0.921	0.586
0.919	0.586
0.917	0.585
0.915	0.584
0.913	0.584
0.912	0.584
0.911	0.584
0.91	0.583
0.908	0.583
0.907	0.582
0.906	0.582
0.904	0.581
0.902	0.581
0.904	0.711
1.744	0.541
1.75	0.542
1.753	0.867
1.751	0.867
1.745	0.551
1.741	0.863
1.732	0.567
1.721	0.571
1.707	0.583
0.96	0.842
1.677	0.835
0.975	0.827
1.642	0.819
1.627	0.811
0.948	0.802
0.923	0.714
1.459	0.725
1.462	0.722
1.462	0.723
1.46	0.722
1.459	0.721
1.458	0.721
1.457	0.72
1.456	0.719
1.454	0.719
1.453	0.719
0.921	0.718
0.92	0.718
0.914	0.717
0.912	0.716
0.913	0.714
1.436	0.711
1.428	0.707
1.417	0.702
1.407	0.697
1.392	0.691
1.376	0.685
1.359	0.678
1.341	0.67
1.325	0.663
1.284	0.649
1.264	0.641
1.247	0.633
1.225	0.625
1.205	0.617
1.187	0.61
1.166	0.602
1.149	0.595
1.132	0.589
1.115	0.582
1.098	0.575
1.078	0.568
1.064	0.562
1.01	0.543
0.992	0.54
0.91	0.495
0.907	0.495
1.418	0.498
1.38	0.502
1.37	0.505
1.36	0.509
1.347	0.513
1.338	0.519
1.325	0.525
1.31	0.532
1.295	0.54
1.279	0.548
1.297	0.556
1.284	0.564
1.27	0.574
1.257	0.582
1.374	0.591
1.364	0.601
1.351	0.61
1.341	0.619
1.329	0.628
1.319	0.638
1.31	0.647
1.301	0.657
1.292	0.666
1.511	0.676
1.495	0.685
1.476	0.698
1.451	0.705
1.434	0.715
1.419	0.724
0.94	0.727
0.917	0.73
1.257	0.785
1.257	0.788
1.264	0.811
1.273	0.807
1.415	0.812
1.275	0.817
1.273	0.82
1.4	0.828
1.389	0.802
1.223	0.806
1.362	0.814
1.19	0.827
1.172	0.837
1.156	0.85
1.137	0.868
1.122	0.875
1.106	0.9
1.086	0.899
0.916	0.802
0.925	0.799
1.713	0.796
1.713	0.795
1.711	0.795
1.705	0.795
1.699	0.793
1.689	0.789
1.681	0.785
1.586	0.497
1.571	0.507
1.556	0.736
1.552	0.731
1.555	0.726
2.482	0.72
2.468	0.714
2.453	0.709
2.437	0.577
2.421	0.571
2.404	0.58
2.386	0.598
2.371	0.604
2.352	0.616
2.334	0.629
2.315	0.642
2.296	0.648
2.277	0.641
2.258	0.634
2.24	0.626
2.221	0.621
2.002	0.616
1.985	0.606
1.965	0.601
1.944	0.591
1.924	0.585
1.9	0.58
1.88	0.571
1.098	0.565
1.076	0.558
1.054	0.552
1.032	0.545
1.007	0.539
0.991	0.534
0.969	0.528
0.95	0.518
0.932	0.514
0.913	0.505
1.271	0.497
1.259	0.5
1.25	0.503
1.245	0.507
1.236	0.511
1.225	0.516
1.213	0.522
1.199	0.528
1.185	0.536
1.17	0.543
1.154	0.551
1.138	0.564
1.121	0.573
1.101	0.579
1.084	0.592
1.066	0.604
1.049	0.715
1.031	0.634
1.027	0.638
0.998	0.668
0.982	0.657
0.962	0.669
0.946	0.683
0.93	0.691
0.914	0.706
1.463	0.783
1.461	0.78
1.466	0.777
1.467	0.775
1.466	0.774
1.462	0.772
1.456	0.771
1.448	0.768
1.437	0.763
1.425	0.757
1.411	0.751
1.395	0.745
1.379	0.738
1.362	0.732
1.345	0.725
1.328	0.717
1.309	0.71
1.291	0.703
1.273	0.696
1.257	0.689
1.235	0.682
1.216	0.675
1.196	0.668
1.177	0.661
1.159	0.654
1.14	0.647
1.122	0.64
1.103	0.633
1.085	0.626
1.066	0.619
1.046	0.612
1.027	0.604
1.009	0.597
0.99	0.59
0.971	0.583
5	0.506
5	0.575
0.939	0.565
5	0.569
5	0.569
5	0.569
5	0.566
5	0.573
5	0.573
3.163	0.589
3.163	0.587
3.164	0.589
3.163	0.597
3.162	0.598
3.158	0.598
3.151	0.604
3.142	0.613
3.131	0.627
3.118	0.722
3.104	0.715
3.088	0.708
3.072	0.7
3.055	0.692
3.037	0.684
3.019	0.675
3	0.667
2.982	0.658
2.964	0.649
2.945	0.641
2.928	0.632
2.91	0.624
2.801	0.621
2.786	0.611
2.776	0.605
2.769	0.603
2.765	0.598
2.769	0.599
2.766	0.6
2.764	0.6
2.763	0.599
2.761	0.598
2.758	0.597
2.753	0.595
2.745	0.592
2.734	0.578
2.722	0.583
2.708	0.574
2.693	0.551
2.678	0.551
2.661	0.558
2.644	0.55
2.626	0.546
2.608	0.536
2.589	0.528
2.57	0.521
2.55	0.513
2.531	0.505
2.511	0.498
2.199	0.504
1.605	0.621
1.395	0.622
1.385	0.629
1.369	0.639
1.36	0.72
1.399	0.744
1.408	0.751
1.372	0.764
1.327	0.889
1.317	0.9
1.061	0.785
1.045	0.786
1.033	0.784
1.02	0.755
1.008	0.758
1.001	0.762
0.988	0.762
0.974	0.765
0.959	0.769
0.942	0.769
0.921	0.773
0.902	0.776
0.904	0.751
1.38	0.758
1.384	0.738
1.384	0.734
1.384	0.737
1.38	0.735
1.379	0.741
1.381	0.737
1.378	0.737
1.37	0.735
1.365	0.733
1.35	0.729
1.34	0.723
1.326	0.722
1.306	0.719
1.293	0.713
1.275	0.714
1.257	0.715
1.238	0.707
1.22	0.697
1.202	0.704
1.183	0.692
1.163	0.698
1.144	0.673
1.124	0.67
1.104	0.664
1.084	0.648
0.927	0.649
0.922	0.583
0.923	0.579
0.923	0.58
0.923	0.58
0.921	0.579
0.918	0.578
0.914	0.577
0.907	0.575
0.945	0.513
0.944	0.777
1.738	0.774
1.738	0.772
1.737	0.774
1.735	0.774
1.735	0.774
1.733	0.773
1.731	0.769
1.726	0.767
1.719	0.764
1.709	0.76
1.696	0.757
1.682	0.751
0.94	0.746
0.926	0.74
0.908	0.732
1.558	0.704
0.902	0.684
1.483	0.676
1.477	0.672
1.476	0.672
1.476	0.674
1.474	0.67
1.472	0.67
1.47	0.669
1.468	0.668
1.465	0.667
1.463	0.672
1.462	0.671
1.46	0.67
1.458	0.665
1.457	0.664
1.455	0.664
1.453	0.663
1.452	0.666
1.449	0.659
1.432	0.653
1.425	0.65
1.415	0.644
1.408	0.641
1.4	0.638
1.391	0.635
1.379	0.631
1.366	0.627
1.352	0.623
1.336	0.619
1.322	0.614
1.305	0.61
1.288	0.605
1.27	0.601
1.252	0.597
1.234	0.593
1.215	0.589
1.197	0.584
1.182	0.579
1.164	0.575
1.146	0.571
1.128	0.566
1.111	0.562
1.097	0.558
1.08	0.554
1.066	0.55
1.048	0.543
1.03	0.539
1.009	0.536
0.988	0.533
0.971	0.53
0.954	0.528
0.935	0.525
0.919	0.523
1.393	0.496
1.385	0.497
1.377	0.498
1.369	0.5
1.363	0.502
1.353	0.505
1.342	0.509
1.33	0.513
1.318	0.518
1.305	0.523
1.293	0.529
1.28	0.534
1.267	0.54
1.252	0.546
1.233	0.552
1.217	0.558
1.199	0.564
1.179	0.57
1.16	0.576
1.141	0.583
1.122	0.589
1.101	0.595
1.085	0.601
1.065	0.607
1.045	0.613
1.026	0.619
1.008	0.625
0.989	0.63
0.971	0.632
0.952	0.631
0.934	0.634
1.461	0.646
1.461	0.646
1.462	0.644
1.036	0.644
1.035	0.644
1.034	0.645
1.032	0.646
1.031	0.648
1.023	0.651
1.018	0.656
1.012	0.661
1.002	0.667
0.998	0.674
0.989	0.685
0.981	0.693
1.011	0.733
1.012	0.732
1.015	0.732
1.014	0.731
1.023	0.732
1.015	0.732
1.009	0.733
1.005	0.734
1.002	0.736
0.99	0.736
0.976	0.736
0.964	0.738
0.951	0.739
0.943	0.742
0.948	0.741
0.936	0.738
1.826	0.778
0.921	0.74
0.914	0.74
0.906	0.734
0.905	0.727
2.751	0.723
2.665	0.691
2.652	0.687
2.638	0.683
2.626	0.68
2.616	0.676
2.603	0.672
2.575	0.664
2.555	0.659
2.541	0.655
2.52	0.552
1.493	0.647
1.476	0.533
1.455	0.571
1.433	0.634
2.427	0.63
1.403	0.626
1.96	0.621
1.364	0.617
1.345	0.613
1.324	0.609
1.306	0.604
1.287	0.6
1.272	0.595
1.253	0.59
1.235	0.586
1.216	0.581
1.197	0.576
1.182	0.572
1.161	0.564
1.144	0.561
1.126	0.558
1.108	0.553
1.09	0.549
1.075	0.545
1.054	0.54
1.04	0.536
1.898	0.503
1.897	0.501
1.9	0.501
1.9	0.501
1.898	0.501
1.895	0.5
1.889	0.499
1.879	0.498
1.868	0.495
1.306	0.496
1.296	0.499
1.287	0.501
1.278	0.504
1.267	0.507
1.255	0.511
1.241	0.516
1.226	0.521
1.21	0.527
1.194	0.533
1.178	0.539
1.161	0.546
1.143	0.553
1.125	0.561
1.106	0.568
1.087	0.576
1.068	0.584
1.049	0.595
1.033	0.599
1.014	0.61
0.995	0.618
0.976	0.627
0.957	0.636
0.936	0.646
0.917	0.655
1.555	0.767
1.556	0.765
1.557	0.747
1.557	0.752
1.53	0.743
1.522	0.739
1.515	0.735
1.509	0.731
1.502	0.731
1.493	0.727
1.483	0.723
1.471	0.719
1.457	0.714
1.443	0.708
1.426	0.711
1.413	0.705
1.396	0.699
1.378	0.689
1.36	0.683
1.338	0.677
1.32	0.668
1.301	0.658
1.285	0.656
1.265	0.65
1.245	0.648
1.225	0.642
1.206	0.633
1.186	0.627
1.167	0.618
1.147	0.611
1.128	0.605
1.109	0.598
1.087	0.592
1.068	0.586
1.05	0.58
1.031	0.574
1.013	0.567
0.995	0.561
3.285	0.838
3.287	0.833
3.287	0.832
3.286	0.835
3.284	0.834
3.28	0.83
3.27	0.828
3.26	0.511
3.251	0.821
3.241	0.813
3.226	0.81
3.207	0.801
3.191	0.797
3.171	0.788
3.156	0.78
3.14	0.773
3.117	0.768
1.001	0.761
3.078	0.754
3.061	0.746
3.037	0.738
3.017	0.731
2.997	0.72
0.908	0.716
2.956	0.709
2.916	0.694
2.897	0.701
2.878	0.691
2.86	0.687
2.842	0.675
2.826	0.667
2.81	0.662
2.794	0.658
2.777	0.655
2.761	0.653
2.744	0.647
2.727	0.653
2.709	0.634
2.692	0.628
2.674	0.621
2.657	0.615
2.639	0.627
2.621	0.603
2.604	0.6
2.586	0.59
2.567	0.583
2.549	0.577
2.531	0.574
2.512	0.564
2.493	0.558
2.474	0.551
2.455	0.545
2.437	0.542
2.418	0.532
2.399	0.534
2.381	0.525
2.362	0.513
2.343	0.507
2.324	0.501
2.306	0.496
2.164	0.524
1.907	0.556
2.12	0.512
1.823	0.588
2.041	0.602
2.027	0.628
2.018	0.573
2.003	0.607
1.995	0.613
1.98	0.546
1.967	0.523
1.954	0.522
1.941	0.529
1.427	0.72
1.426	0.718
1.423	0.72
1.422	0.724
1.421	0.721
1.417	0.725
1.42	0.725
1.419	0.723
1.421	0.727
1.417	0.725
1.417	0.728
1.504	0.726
1.415	0.727
1.413	0.727
1.537	0.729
1.411	0.727
1.417	0.728
1.416	0.729
1.412	0.73
1.411	0.731
1.416	0.731
1.412	0.732
1.411	0.729
1.414	0.73
1.406	0.731
1.407	0.733
1.403	0.737
1.39	0.744
1.38	0.75
1.371	0.756
1.36	0.769
1.224	0.837
1.224	0.798
1.224	0.796
1.225	0.793
1.226	0.791
1.225	0.79
1.224	0.79
1.221	0.789
1.215	0.787
1.206	0.784
1.196	0.78
1.183	0.774
1.169	0.768
1.153	0.762
1.136	0.755
1.118	0.748
1.1	0.741
1.081	0.734
1.063	0.727
1.044	0.719
1.025	0.712
1.006	0.705
0.986	0.697
0.967	0.689
0.947	0.681
0.928	0.674
1.696	0.572
1.699	0.574
0.975	0.776
0.968	0.776
1.698	0.775
1.7	0.774
1.696	0.774
1.694	0.771
1.69	0.769
1.683	0.766
0.948	0.766
0.948	0.762
0.931	0.756
0.913	0.752
1.615	0.745
1.598	0.735
1.58	0.729
1.561	0.726
1.544	0.715
1.484	0.697
1.468	0.686
1.444	0.682
1.395	0.659
1.36	0.647
1.344	0.641
1.335	0.639
1.331	0.64
1.328	0.636
1.327	0.658
1.324	0.636
1.321	0.635
1.316	0.633
1.314	0.632
1.316	0.632
1.313	0.637
1.311	0.634
1.311	0.633
1.306	0.65
1.303	0.632
1.3	0.628
1.298	0.627
1.296	0.626
1.295	0.625
1.293	0.625
1.291	0.624
1.286	0.623
1.287	0.622
1.282	0.622
1.278	0.623
1.275	0.625
1.266	0.633
1.226	0.602
1.207	0.597
1.191	0.591
1.158	0.582
1.144	0.578
1.134	0.575
1.121	0.568
1.108	0.564
1.096	0.559
1.04	0.534
0.987	0.516
0.98	0.504
0.983	0.504
0.972	0.503
0.971	0.502
0.97	0.501
0.969	0.501
0.967	0.501
0.966	0.501
0.964	0.501
0.961	0.5
0.951	0.499
0.943	0.498
1.389	0.497
1.315	0.499
1.304	0.502
1.299	0.504
1.358	0.508
1.349	0.512
1.339	0.516
1.329	0.521
1.318	0.527
1.306	0.533
1.295	0.539
1.284	0.545
1.266	0.552
1.248	0.559
1.233	0.566
1.212	0.573
1.164	0.58
1.145	0.587
1.123	0.594
1.103	0.601
1.081	0.608
1.061	0.616
1.043	0.623
1.024	0.63
1.005	0.637
0.985	0.645
0.966	0.652
0.947	0.659
0.928	0.664
0.91	0.668
1.091	0.693
1.088	0.694
1.442	0.697
1.44	0.695
1.445	0.695
1.444	0.696
1.442	0.697
1.439	0.698
1.437	0.699
1.436	0.699
1.435	0.699
1.43	0.7
1.427	0.701
1.422	0.703
1.056	0.706
1.047	0.709
1.041	0.714
1.031	0.72
1.026	0.726
1.018	0.733
1.01	0.74
0.998	0.768
0.995	0.768
0.995	0.767
0.994	0.766
0.996	0.766
0.995	0.766
0.99	0.766
0.985	0.765
0.978	0.764
0.968	0.763
0.956	0.766
0.942	0.765
0.928	0.768
0.913	0.768
0.93	0.744
0.923	0.743
0.915	0.743
0.909	0.74
0.902	0.74
2.659	0.692
2.647	0.688
2.636	0.684
2.625	0.68
2.608	0.674
2.579	0.662
2.562	0.658
2.552	0.655
2.538	0.651
1.498	0.647
1.48	0.644
1.465	0.511
1.449	0.527
1.429	0.633
1.414	0.626
1.396	0.582
1.378	0.584
1.359	0.613
1.344	0.614
1.325	0.611
1.306	0.607
2.287	0.603
2.266	0.599
2.245	0.595
2.224	0.591
2.204	0.585
2.184	0.582
2.164	0.579
2.145	0.578
2.126	0.575
2.108	0.572
2.089	0.569
2.07	0.566
2.051	0.563
2.032	0.559
2.013	0.556
1.995	0.553
1.976	0.549
1.957	0.546
1.939	0.542
1.92	0.538
1.902	0.534
1.884	0.53
1.56	0.496
1.55	0.497
1.54	0.499
1.529	0.502
1.518	0.504
1.505	0.507
1.491	0.511
1.476	0.515
1.46	0.52
1.443	0.524
1.426	0.53
1.408	0.535
1.39	0.541
1.372	0.546
1.354	0.553
1.336	0.558
1.318	0.564
1.3	0.57
1.282	0.576
1.264	0.583
1.245	0.589
1.225	0.595
1.206	0.601
1.186	0.608
1.167	0.614
1.147	0.621
1.131	0.627
1.111	0.633
1.091	0.64
1.072	0.646
1.052	0.653
1.03	0.659
1.011	0.663
0.991	0.67
0.972	0.682
0.952	0.686
0.933	0.693
0.914	0.7
1.543	0.753
1.544	0.749
1.544	0.743
1.543	0.745
1.541	0.741
1.54	0.741
1.539	0.741
1.538	0.74
1.534	0.739
1.527	0.737
1.518	0.733
1.506	0.729
1.492	0.724
1.478	0.718
1.463	0.712
1.446	0.709
1.43	0.702
1.415	0.696
1.397	0.692
1.375	0.686
1.356	0.676
1.337	0.67
1.322	0.667
1.3	0.657
1.281	0.651
1.265	0.644
1.246	0.638
1.226	0.632
1.206	0.625
1.184	0.619
1.164	0.611
1.144	0.604
1.124	0.598
1.108	0.59
1.085	0.584
1.066	0.58
1.048	0.577
1.029	0.567
1.01	0.561
3.284	0.858
3.285	0.855
3.285	0.851
3.288	0.851
3.291	0.851
3.285	0.851
3.278	0.848
3.266	0.845
3.256	0.843
3.244	0.835
3.23	0.832
3.215	0.822
3.202	0.817
3.187	0.593
3.163	0.8
3.144	0.792
3.126	0.788
1.022	0.777
3.09	0.769
3.067	0.765
3.051	0.758
3.031	0.75
0.949	0.74
0.929	0.732
0.91	0.728
2.954	0.718
2.935	0.714
2.916	0.723
2.898	0.714
2.88	0.704
2.862	0.697
2.844	0.689
2.826	0.683
2.808	0.675
2.79	0.686
2.771	0.666
2.752	0.663
2.733	0.673
2.714	0.649
2.696	0.643
2.678	0.636
2.659	0.63
2.641	0.622
2.622	0.613
2.601	0.609
2.582	0.599
2.566	0.596
2.547	0.587
2.526	0.58
2.507	0.574
2.488	0.567
2.47	0.561
2.452	0.557
2.434	0.551
2.415	0.543
2.397	0.537
2.378	0.527
2.36	0.523
2.342	0.535
2.323	0.524
2.305	0.506
2.287	0.503
2.159	0.497
2.127	0.503
2.112	0.514
1.813	0.63
1.789	0.621
1.782	0.625
1.77	0.597
2.001	0.601
1.788	0.605
1.771	0.571
1.964	0.544
1.952	0.579
1.941	0.522
1.927	0.53
1.91	0.516
1.332	0.753
1.347	0.761
1.333	0.772
1.307	0.775
1.3	0.785
1.292	0.856
1.226	0.832
1.211	0.834
1.197	0.839
1.182	0.843
1.163	0.847
1.147	0.854
1.131	0.86
1.064	0.875
1.047	0.883
1.031	0.891
0.98	0.895
0.966	0.897
1.265	0.782
1.269	0.779
1.27	0.786
1.27	0.774
1.268	0.769
1.265	0.776
1.259	0.789
1.251	0.776
1.241	0.77
1.229	0.766
1.215	0.754
1.2	0.752
1.076	0.747
1.057	0.741
1.041	0.739
1.025	0.727
1.11	0.725
1.004	0.719
1.071	0.713
1.051	0.71
1.031	0.708
1.012	0.692
0.992	0.689
0.972	0.687
0.95	0.674
0.934	0.671
0.915	0.665
1.65	0.75
1.665	0.743
1.664	0.741
1.664	0.738
0.934	0.736
0.925	0.736
0.917	0.734
0.91	0.727
1.556	0.697
1.547	0.692
1.536	0.691
1.533	0.687
1.533	0.686
1.531	0.686
1.529	0.685
1.527	0.685
1.524	0.684
1.523	0.683
1.522	0.682
0.904	0.682
1.492	0.672
1.479	0.668
1.439	0.657
1.415	0.651
1.407	0.643
1.396	0.636
1.385	0.632
1.374	0.629
1.36	0.622
1.348	0.618
1.315	0.608
1.302	0.604
1.287	0.598
1.269	0.593
1.252	0.588
1.235	0.583
1.219	0.579
1.203	0.575
1.187	0.57
1.154	0.561
1.14	0.556
1.123	0.552
1.106	0.547
1.09	0.543
1.074	0.539
1.06	0.535
1.049	0.532
1.037	0.528
1.021	0.521
1.006	0.518
0.986	0.516
0.967	0.513
0.93	0.508
1.371	0.496
1.366	0.497
1.355	0.499
1.279	0.502
1.274	0.504
1.33	0.508
1.32	0.512
1.31	0.517
1.298	0.522
1.286	0.528
1.275	0.534
1.264	0.54
1.246	0.547
1.228	0.554
1.21	0.561
1.191	0.568
1.172	0.575
1.156	0.582
1.101	0.589
1.082	0.596
1.06	0.603
1.04	0.61
1.021	0.618
1.002	0.625
0.982	0.632
0.963	0.64
0.945	0.647
0.926	0.651
0.907	0.655
1.085	0.68
1.469	0.68
1.467	0.678
1.471	0.676
1.471	0.676
1.47	0.677
1.468	0.678
1.463	0.68
1.456	0.682
1.065	0.685
1.056	0.69
1.049	0.695
1.038	0.701
1.029	0.707
1.056	0.757
1.062	0.756
1.062	0.755
1.424	0.754
1.422	0.754
1.421	0.755
1.597	0.757
1.054	0.758
1.595	0.76
1.586	0.763
1.066	0.767
1.219	0.772
1.205	0.779
0.993	0.782
0.976	0.782
0.96	0.781
0.941	0.781
0.925	0.775
0.909	0.776
0.917	0.747
0.912	0.745
0.912	0.745
0.908	0.746
0.908	0.746
0.911	0.746
0.912	0.745
0.905	0.743
2.672	0.701
2.662	0.697
2.655	0.695
2.648	0.689
2.64	0.685
2.63	0.682
2.62	0.678
2.403	0.675
2.585	0.667
2.569	0.663
2.549	0.659
2.325	0.555
1.5	0.65
1.479	0.536
1.458	0.642
1.44	0.638
1.421	0.633
1.412	0.628
2.395	0.624
1.367	0.619
1.348	0.615
1.326	0.61
1.309	0.606
1.286	0.601
1.27	0.597
1.264	0.592
1.248	0.587
1.214	0.582
1.989	0.578
1.97	0.571
2.159	0.567
1.933	0.565
1.917	0.561
1.895	0.557
1.105	0.553
1.088	0.549
2.044	0.545
2.024	0.541
2.004	0.537
1.984	0.533
1.964	0.529
1.943	0.525
1.924	0.521
1.904	0.517
1.885	0.513
1.828	0.502
1.406	0.497
1.397	0.499
1.387	0.502
1.377	0.505
1.366	0.508
1.354	0.512
1.34	0.517
1.326	0.523
1.311	0.528
1.298	0.534
1.279	0.541
1.262	0.549
1.245	0.556
1.227	0.565
1.209	0.571
1.192	0.579
1.174	0.587
1.156	0.595
1.141	0.603
1.122	0.611
1.103	0.619
1.084	0.627
1.065	0.636
1.043	0.645
1.024	0.651
1.006	0.662
0.988	0.67
0.97	0.678
0.952	0.687
0.933	0.696
0.915	0.705
1.529	0.762
1.531	0.758
1.532	0.753
1.53	0.752
1.529	0.751
1.528	0.751
1.528	0.751
1.527	0.75
1.527	0.75
1.525	0.75
1.521	0.748
1.514	0.745
1.504	0.742
1.493	0.738
1.48	0.732
1.465	0.726
1.45	0.72
1.433	0.714
1.416	0.706
1.397	0.7
1.379	0.693
1.361	0.686
1.342	0.679
1.323	0.673
1.304	0.666
1.285	0.658
1.267	0.652
1.248	0.645
1.229	0.638
1.209	0.631
1.19	0.624
1.17	0.617
1.151	0.609
1.132	0.602
1.114	0.595
1.096	0.587
1.078	0.58
1.06	0.573
1.042	0.566
1.024	0.559
1.006	0.551
0.987	0.544
0.969	0.536
3.335	0.817
3.334	0.818
3.334	0.801
3.333	0.818
3.332	0.814
3.329	0.817
3.323	0.81
3.314	0.803
3.302	0.799
3.288	0.79
3.271	0.783
3.256	0.78
3.242	0.77
3.224	0.762
3.203	0.754
3.188	0.591
3.168	0.741
3.149	0.632
3.129	0.654
3.11	0.715
3.071	0.699
3.051	0.691
3.031	0.683
3.012	0.675
2.994	0.668
2.973	0.661
2.957	0.654
2.94	0.648
2.859	0.629
2.835	0.612
2.829	0.608
2.828	0.607
2.828	0.604
2.827	0.607
2.826	0.608
2.825	0.607
2.823	0.607
2.821	0.606
2.819	0.606
2.817	0.606
2.815	0.605
2.813	0.605
2.809	0.6
2.801	0.599
2.791	0.6
2.78	0.597
2.767	0.592
2.752	0.589
2.736	0.587
2.719	0.58
2.702	0.575
2.684	0.565
2.665	0.562
2.647	0.558
2.628	0.558
2.609	0.575
2.589	0.538
2.569	0.529
2.55	0.523
2.53	0.512
2.51	0.512
2.491	0.503
2.471	0.496
2.155	0.507
2.107	0.495
1.637	0.664
1.524	0.665
1.425	0.675
1.418	0.686
1.416	0.693
1.403	0.696
1.393	0.795
1.413	0.805
1.414	0.819
1.41	0.83
1.318	0.88
1.083	0.844
1.071	0.848
1.059	0.814
1.046	0.82
1.032	0.82
1.017	0.859
0.999	0.825
0.982	0.828
0.965	0.831
0.947	0.829
0.929	0.828
0.91	0.83
1.333	0.748
1.338	0.742
1.339	0.735
1.335	0.733
1.333	0.732
1.331	0.732
1.329	0.732
1.323	0.732
1.315	0.731
1.304	0.731
1.295	0.724
1.28	0.719
1.264	0.715
1.247	0.71
1.23	0.709
1.211	0.7
1.048	0.694
1.025	0.689
1.005	0.684
0.988	0.678
0.971	0.673
0.955	0.667
0.938	0.662
0.922	0.656
0.905	0.65
0.954	0.627
0.935	0.618
0.915	0.612
1.554	0.538
0.903	0.549
1.58	0.799
1.719	0.795
1.721	0.793
1.717	0.793
1.717	0.796
1.716	0.793
1.715	0.796
1.569	0.791
1.566	0.792
1.696	0.788
1.685	0.78
1.669	0.775
0.902	0.616
1.637	0.632
1.62	0.753
1.596	0.745
1.569	0.737
1.553	0.729
1.552	0.721
1.533	0.712
1.416	0.664
1.407	0.657
1.403	0.652
1.401	0.65
1.404	0.652
1.395	0.649
1.394	0.656
1.394	0.645
1.392	0.643
1.391	0.643
1.389	0.643
1.387	0.642
1.382	0.641
1.364	0.631
1.348	0.627
1.334	0.622
1.316	0.617
0.907	0.612
1.291	0.607
1.275	0.603
1.262	0.599
1.242	0.594
1.226	0.59
1.209	0.585
1.191	0.58
1.171	0.576
1.153	0.572
1.136	0.567
1.118	0.562
1.1	0.557
1.084	0.552
1.066	0.547
1.047	0.542
0.992	0.526
0.977	0.521
0.958	0.516
0.91	0.504
1.391	0.495
1.321	0.497
1.306	0.499
1.298	0.502
1.289	0.505
1.279	0.509
1.271	0.513
1.329	0.517
1.318	0.522
1.307	0.526
1.294	0.531
1.282	0.538
1.268	0.545
1.25	0.552
1.232	0.56
1.214	0.567
1.198	0.574
1.178	0.581
1.127	0.587
1.105	0.594
1.082	0.6
1.062	0.607
1.043	0.615
1.024	0.623
1.004	0.631
0.985	0.639
0.966	0.647
0.947	0.655
0.929	0.662
0.914	0.669
1.124	0.681
1.116	0.683
1.497	0.686
1.479	0.689
1.462	0.694
1.446	0.7
1.431	0.705
1.058	0.711
1.047	0.716
1.039	0.721
1.031	0.727
1.023	0.733
1.04	0.774
1.041	0.772
1.042	0.772
1.041	0.772
1.039	0.773
1.037	0.774
1.036	0.774
1.034	0.775
1.033	0.776
1.032	0.776
1.03	0.777
1.029	0.777
1.027	0.778
1.026	0.778
1.025	0.778
1.02	0.779
1.02	0.78
1.015	0.779
1.007	0.778
0.997	0.78
0.983	0.779
0.974	0.782
0.96	0.808
0.945	0.782
0.93	0.785
0.914	0.782
0.94	0.761
0.939	0.76
0.942	0.767
0.939	0.76
0.942	0.76
0.937	0.76
0.933	0.77
0.926	0.865
0.914	0.75
0.911	0.746
1.742	0.742
2.625	0.698
2.609	0.693
2.593	0.688
2.579	0.683
2.564	0.678
2.524	0.662
2.51	0.658
2.481	0.649
2.467	0.559
2.451	0.64
1.984	0.626
1.413	0.631
1.967	0.607
1.965	0.623
2.356	0.615
1.329	0.61
1.309	0.606
1.292	0.601
1.275	0.597
1.266	0.592
1.247	0.588
1.228	0.583
1.231	0.582
2.2	0.575
2.182	0.568
2.163	0.565
1.156	0.562
2.125	0.559
2.105	0.555
2.086	0.551
2.067	0.547
2.047	0.544
2.027	0.54
2.007	0.536
1.988	0.533
1.968	0.529
1.949	0.526
1.93	0.522
1.91	0.519
1.891	0.516
0.914	0.512
1.481	0.495
1.471	0.498
1.461	0.5
1.45	0.502
1.44	0.505
1.427	0.509
1.414	0.513
1.398	0.517
1.383	0.522
1.367	0.527
1.35	0.532
1.332	0.538
1.314	0.544
1.297	0.55
1.279	0.556
1.262	0.562
1.244	0.568
1.226	0.574
1.207	0.581
1.189	0.588
1.17	0.594
1.151	0.601
1.132	0.608
1.112	0.615
1.093	0.621
1.073	0.628
1.056	0.635
1.037	0.642
1.014	0.646
0.994	0.654
0.974	0.666
0.956	0.67
0.937	0.678
0.919	0.685
1.564	0.75
1.565	0.758
1.566	0.761
1.566	0.758
1.564	0.776
1.557	0.758
1.557	0.758
1.556	0.757
1.555	0.757
1.552	0.755
1.545	0.753
1.535	0.746
1.524	0.742
1.511	0.74
1.496	0.735
1.48	0.729
1.463	0.724
1.447	0.717
1.429	0.71
1.411	0.704
1.392	0.7
1.377	0.699
1.355	0.689
1.336	0.684
1.318	0.677
1.298	0.671
1.278	0.665
1.261	0.656
1.241	0.65
1.22	0.643
1.196	0.633
1.178	0.626
1.154	0.619
1.135	0.612
1.115	0.605
1.096	0.599
1.078	0.593
1.06	0.586
1.042	0.58
1.024	0.573
0.901	0.533
0.905	0.522
0.905	0.522
0.904	0.521
0.901	0.521
0.901	0.52
3.3	0.812
3.3	0.808
3.299	0.808
3.298	0.811
3.294	0.806
3.287	0.803
3.281	0.8
3.272	0.795
3.256	0.79
3.238	0.784
0.979	0.776
3.21	0.572
3.196	0.586
3.174	0.754
3.153	0.749
3.137	0.738
3.118	0.73
3.099	0.722
3.077	0.714
3.061	0.707
3.041	0.702
3.022	0.692
3.002	0.688
2.983	0.68
2.909	0.667
2.892	0.652
2.876	0.643
2.861	0.638
2.846	0.634
2.833	0.627
2.82	0.623
2.808	0.62
2.796	0.618
2.783	0.615
2.769	0.614
2.754	0.609
2.738	0.599
2.722	0.597
2.704	0.588
2.686	0.583
2.668	0.578
2.65	0.573
2.631	0.568
2.612	0.563
2.593	0.558
2.573	0.553
2.553	0.548
2.533	0.543
2.513	0.539
2.493	0.534
2.473	0.53
2.453	0.525
2.433	0.52
2.411	0.516
2.394	0.512
2.371	0.508
2.351	0.504
2.332	0.501
2.312	0.499
2.292	0.5
2.272	0.516
2.253	0.51
2.233	0.503
2.212	0.502
2.192	0.502
2.172	0.504
2.152	0.506
2.132	0.602
2.112	0.513
2.093	0.591
2.074	0.57
1.972	0.566
1.952	0.573
1.431	0.821
1.424	0.828
1.433	0.833
1.436	0.84
1.411	0.853
0.932	0.792
0.934	0.792
0.926	0.789
1.213	0.783
1.352	0.782
1.349	0.782
1.343	0.781
1.335	0.781
0.91	0.776
1.297	0.766
1.282	0.759
1.265	0.753
1.249	0.745
1.233	0.738
1.217	0.732
1.201	0.725
1.184	0.718
1.168	0.712
1.151	0.706
1.133	0.699
1.116	0.692
1.098	0.686
1.08	0.678
1.062	0.672
1.043	0.665
1.024	0.657
0.967	0.635
0.753	0.457
0.744	0.462
0.735	0.467
0.729	0.469
0.723	0.477
0.757	0.48
0.76	0.483
0.757	0.482
0.761	0.482
0.762	0.482
0.765	0.482
0.812	0.481
0.814	0.48
0.811	0.479
0.576	0.471
0.898	0.638
0.881	0.645
0.864	0.652
0.847	0.658
0.83	0.66
0.815	0.662
0.801	0.667
0.792	0.67
0.792	0.665
0.795	0.666
0.796	0.665
0.796	0.665
0.796	0.665
0.799	0.664
0.799	0.664
0.798	0.664
0.799	0.664
0.798	0.663
0.797	0.666
0.792	0.671
0.791	0.684
0.79	0.674
0.789	0.66
0.788	0.66
0.787	0.659
0.786	0.661
0.785	0.665
0.788	0.717
0.787	0.833
0.79	0.779
0.814	0.668
0.807	0.809
0.786	0.805
0.785	0.804
0.787	0.854
0.791	0.8
0.794	0.786
0.814	0.78
0.88	0.776
0.891	0.663
0.733	0.539
0.711	0.54
0.679	0.53
0.658	0.521
0.65	0.515
0.644	0.509
0.639	0.504
0.86	0.504
0.859	0.496
0.861	0.491
0.865	0.491
0.865	0.491
0.865	0.49
0.865	0.49
0.865	0.489
0.865	0.488
0.868	0.487
0.867	0.486
0.87	0.485
0.869	0.485
0.74	0.484
0.74	0.483
0.861	0.482
0.859	0.48
0.857	0.478
0.853	0.477
0.85	0.475
0.852	0.474
0.852	0.472
0.851	0.47
0.854	0.467
0.857	0.465
0.873	0.462
0.642	0.778
0.622	0.786
0.606	0.793
0.589	0.801
0.574	0.805
0.559	0.807
0.547	0.797
0.541	0.786
0.549	0.784
0.895	0.773
0.88	0.779
0.864	0.779
0.847	0.779
0.832	0.778
0.817	0.775
0.804	0.771
0.793	0.771
0.792	0.769
0.789	0.768
0.791	0.767
0.792	0.766
0.792	0.766
0.792	0.765
0.791	0.765
0.79	0.764
0.791	0.766
0.79	0.766
0.79	0.769
0.789	0.872
0.789	0.87
0.789	0.865
0.788	0.772
0.787	0.759
0.786	0.753
0.785	0.751
0.785	0.749
0.784	0.746
0.787	0.744
0.81	0.381
0.789	0.376
0.785	0.374
0.785	0.374
0.785	0.373
0.785	0.373
0.785	0.372
0.785	0.372
0.785	0.371
0.788	0.37
0.788	0.37
0.788	0.372
0.791	0.751
0.798	0.743
0.811	0.836
0.9	0.738
0.898	0.734
0.584	0.515
0.577	0.511
0.577	0.507
0.573	0.504
0.79	0.5
0.777	0.497
0.765	0.494
0.76	0.491
0.761	0.49
0.769	0.49
0.77	0.489
0.773	0.49
0.773	0.489
0.77	0.489
0.773	0.488
0.583	0.479
0.882	0.652
0.864	0.658
0.846	0.665
0.827	0.671
0.809	0.678
0.792	0.684
0.776	0.689
0.767	0.69
0.767	0.687
0.769	0.686
0.77	0.685
0.77	0.685
0.769	0.685
0.769	0.684
0.769	0.684
0.769	0.683
0.768	0.683
0.768	0.682
0.768	0.681
0.769	0.68
0.765	0.682
0.763	0.684
0.762	0.683
0.761	0.681
0.76	0.677
0.759	0.676
0.758	0.679
0.757	0.679
0.756	0.682
0.755	0.689
0.762	0.72
0.769	0.783
0.772	0.685
0.758	0.779
0.758	0.779
0.758	0.776
0.761	0.851
0.764	0.713
0.768	0.753
0.69	0.498
0.671	0.489
0.619	0.483
0.607	0.477
0.593	0.473
0.58	0.465
0.568	0.462
0.821	0.462
0.824	0.458
0.826	0.455
0.825	0.454
0.825	0.454
0.825	0.453
0.822	0.452
0.507	0.452
0.507	0.451
0.507	0.451
0.508	0.45
0.508	0.45
0.508	0.449
0.508	0.448
0.508	0.448
0.512	0.447
0.823	0.447
0.823	0.446
0.823	0.445
0.823	0.443
0.823	0.438
0.824	0.44
0.824	0.438
0.829	0.436
0.83	0.435
0.829	0.433
0.826	0.431
0.826	0.428
0.825	0.426
0.825	0.423
0.825	0.421
0.828	0.419
0.828	0.417
0.829	0.416
0.831	0.414
0.826	0.411
0.825	0.408
0.824	0.405
0.82	0.403
0.82	0.4
0.822	0.399
0.821	0.397
0.824	0.396
0.824	0.395
0.819	0.407
0.813	0.399
0.811	0.395
0.81	0.393
0.805	0.393
0.808	0.396
0.806	0.423
0.809	0.431
0.811	0.435
0.804	0.404
0.803	0.405
0.802	0.427
0.802	0.431
0.805	0.478
0.802	0.477
0.805	0.477
0.805	0.479
0.805	0.479
0.808	0.478
0.822	0.49
0.825	0.937
0.889	0.804
0.869	0.808
0.849	0.812
0.83	0.813
0.811	0.817
0.793	0.822
0.78	0.824
0.778	0.825
0.784	0.823
0.785	0.819
0.786	0.819
0.786	0.818
0.786	0.817
0.785	0.817
0.785	0.816
0.785	0.816
0.785	0.815
0.785	0.814
0.784	0.813
0.78	0.812
0.78	0.811
0.779	0.81
0.779	0.808
0.778	0.807
0.777	0.805
0.78	0.808
0.779	0.813
0.779	0.825
0.779	0.817
0.778	0.812
0.776	0.808
0.771	0.803
0.77	0.803
0.769	0.802
0.768	0.828
0.767	0.878
0.769	0.863
0.769	0.871
0.769	0.82
0.778	0.8
0.803	0.792
0.774	0.789
0.767	0.788
0.766	0.782
0.769	0.791
0.776	0.767
0.831	0.761
0.792	0.758
0.854	0.755
0.894	0.755
0.892	0.746
0.899	0.641
0.881	0.669
0.864	0.627
0.847	0.623
0.83	0.619
0.816	0.613
0.803	0.601
0.818	0.589
0.9	0.581
0.899	0.581
0.898	0.58
0.897	0.58
0.896	0.579
0.895	0.579
0.895	0.578
0.895	0.578
0.896	0.577
0.896	0.576
0.896	0.575
0.896	0.574
0.897	0.572
0.897	0.57
0.898	0.569
0.899	0.567
0.9	0.566
0.899	0.564
0.898	0.563
0.897	0.56
0.897	0.557
0.896	0.555
0.896	0.553
0.896	0.551
0.896	0.549
0.896	0.548
0.895	0.546
0.894	0.544
0.893	0.541
0.892	0.538
0.891	0.535
0.891	0.533
0.891	0.532
0.894	0.53
0.894	0.529
0.892	0.53
0.887	0.524
0.886	0.526
0.884	0.532
0.882	0.531
0.881	0.527
0.88	0.527
0.88	0.526
0.879	0.526
0.882	0.535
0.881	0.914
0.88	0.708
0.879	0.699
0.878	0.696
0.878	0.697
0.878	0.7
0.878	0.695
0.878	0.694
0.881	0.693
0.881	0.692
0.887	0.691
0.888	0.69
0.891	0.692
0.887	0.794
0.866	0.774
0.873	0.768
0.851	0.759
0.837	0.751
0.824	0.742
0.817	0.735
0.863	0.722
0.819	0.656
0.733	0.555
0.715	0.55
0.689	0.53
0.712	0.524
0.692	0.516
0.676	0.512
0.651	0.515
0.693	0.498
0.712	0.496
0.9	0.491
0.772	0.488
0.766	0.486
0.885	0.484
0.878	0.482
0.874	0.48
0.866	0.478
0.863	0.477
0.86	0.476
0.86	0.475
0.859	0.474
0.857	0.473
0.856	0.472
0.855	0.472
0.852	0.471
0.851	0.471
0.848	0.469
0.85	0.468
0.846	0.466
0.848	0.464
0.851	0.461
0.85	0.459
0.853	0.457
0.897	0.736
0.878	0.743
0.862	0.75
0.846	0.757
0.831	0.765
0.816	0.769
0.804	0.779
0.795	0.783
0.794	0.782
0.799	0.78
0.799	0.78
0.799	0.783
0.799	0.782
0.803	0.786
0.892	0.912
0.878	0.914
0.861	0.919
0.849	0.918
0.837	0.92
0.827	0.922
0.825	0.921
0.827	0.916
0.829	0.914
0.829	0.914
0.829	0.914
0.829	0.914
0.828	0.913
0.831	0.912
0.831	0.911
0.826	0.897
0.825	0.897
0.823	0.893
0.821	0.888
0.82	1.001
0.819	0.904
0.817	0.897
0.816	0.499
0.816	0.489
0.815	0.484
0.817	0.482
0.858	0.483
0.86	0.502
0.818	0.837
0.817	0.833
0.817	0.482
0.82	0.472
0.827	0.469
0.844	0.467
0.896	0.501
0.878	0.495
0.861	0.488
0.843	0.481
0.826	0.475
0.81	0.472
0.504	0.449
0.503	0.447
0.501	0.445
0.5	0.442
0.495	0.439
0.497	0.437
0.496	0.435
0.496	0.433
0.747	0.432
0.744	0.432
0.745	0.432
0.742	0.431
0.742	0.431
0.742	0.427
0.741	0.426
0.741	0.425
0.738	0.427
0.738	0.426
0.738	0.426
0.741	0.426
0.74	0.425
0.743	0.424
0.899	0.717
0.883	0.725
0.867	0.739
0.851	0.75
0.835	0.762
0.819	0.772
0.806	0.781
0.8	0.78
0.801	0.779
0.802	0.777
0.802	0.777
0.801	0.778
0.8	0.778
0.8	0.777
0.799	0.778
0.799	0.78
0.799	0.778
0.798	0.781
0.797	0.781
0.796	0.781
0.795	0.782
0.795	0.786
0.794	0.789
0.793	0.796
0.796	0.793
0.796	0.827
0.796	0.826
0.799	0.824
0.803	0.793
0.81	0.819
0.798	0.816
0.795	0.813
0.794	0.808
0.794	0.808
0.797	0.806
0.8	0.809
0.801	0.792
0.821	0.789
0.775	0.576
0.759	0.569
0.712	0.562
0.689	0.554
0.674	0.547
0.656	0.54
0.655	0.534
0.847	0.533
0.85	0.535
0.852	0.531
0.853	0.531
0.853	0.527
0.852	0.526
0.852	0.525
0.584	0.524
0.582	0.523
0.582	0.522
0.852	0.521
0.582	0.52
0.583	0.52
0.85	0.519
0.849	0.518
0.849	0.517
0.85	0.517
0.85	0.516
0.851	0.515
0.851	0.513
0.852	0.512
0.855	0.51
0.857	0.509
0.858	0.508
0.858	0.507
0.602	0.504
0.854	0.501
0.854	0.498
0.854	0.496
0.854	0.494
0.857	0.492
0.858	0.49
0.857	0.488
0.856	0.486
0.855	0.483
0.851	0.48
0.85	0.477
0.852	0.475
0.851	0.473
0.851	0.471
0.851	0.47
0.854	0.468
0.852	0.467
0.847	0.469
0.845	0.47
0.841	0.466
0.839	0.465
0.841	0.464
0.84	0.463
0.839	0.467
0.838	0.48
0.816	0.506
0.806	0.516
0.794	0.528
0.784	0.54
0.772	0.552
0.764	0.565
0.756	0.606
0.752	0.772
0.753	0.993
0.758	0.992
0.758	0.595
0.758	0.991
0.758	0.597
0.758	0.594
0.761	0.986
0.774	0.988
0.777	0.762
0.808	0.616
0.789	0.609
0.758	0.601
0.759	0.593
0.747	0.586
0.882	0.78
0.863	0.781
0.843	0.785
0.823	0.789
0.803	0.789
0.785	0.792
0.773	0.797
0.77	0.795
0.773	0.794
0.776	0.793
0.778	0.793
0.778	0.793
0.777	0.792
0.777	0.793
0.777	0.792
0.778	0.792
0.778	0.793
0.778	0.792
0.78	0.788
0.78	0.788
0.78	0.787
0.78	0.786
0.78	0.785
0.78	0.784
0.782	0.783
0.782	0.779
0.78	0.778
0.777	0.776
0.776	0.778
0.776	0.776
0.775	0.775
0.775	0.773
0.778	0.776
0.778	0.798
0.776	0.785
0.772	0.777
0.771	0.776
0.77	0.772
0.768	0.768
0.767	0.77
0.766	0.856
0.765	0.82
0.768	0.817
0.767	0.799
0.767	0.791
0.827	0.789
0.789	0.84
0.765	0.791
0.765	0.781
0.768	0.832
0.771	0.768
0.781	0.762
0.851	0.755
0.847	0.753
0.87	0.75
0.9	0.748
0.899	0.638
0.879	0.635
0.862	0.629
0.845	0.615
0.829	0.609
0.813	0.602
0.8	0.608
0.794	0.587
0.809	0.58
0.898	0.573
0.887	0.57
0.873	0.566
0.859	0.563
0.845	0.558
0.833	0.554
0.821	0.551
0.811	0.548
0.805	0.541
0.805	0.537
0.807	0.536
0.808	0.536
0.808	0.536
0.808	0.535
0.808	0.534
0.809	0.533
0.809	0.529
0.81	0.529
0.81	0.528
0.811	0.528
0.811	0.526
0.812	0.528
0.812	0.527
0.811	0.527
0.811	0.525
0.81	0.53
0.809	0.523
0.809	0.517
0.808	0.512
0.808	0.509
0.808	0.51
0.807	0.509
0.806	0.511
0.805	0.516
0.803	0.514
0.803	0.503
0.802	0.498
0.802	0.492
0.802	0.49
0.805	0.491
0.804	0.49
0.798	0.513
0.797	0.591
0.795	0.515
0.794	0.487
0.793	0.486
0.792	0.486
0.791	0.854
0.794	0.833
0.793	0.822
0.831	0.644
0.82	0.631
0.792	0.625
0.792	0.622
0.795	0.624
0.798	0.502
0.801	0.503
0.815	0.511
0.899	0.726
0.878	0.718
0.866	0.711
0.845	0.697
0.832	0.69
0.806	0.682
0.851	0.67
0.848	0.667
0.9	0.661
0.898	0.664
0.894	0.659
0.899	0.52
0.882	0.518
0.865	0.515
0.848	0.513
0.833	0.51
0.818	0.507
0.806	0.505
0.803	0.502
0.804	0.501
0.806	0.501
0.806	0.501
0.806	0.501
0.805	0.5
0.805	0.5
0.808	0.499
0.809	0.499
0.805	0.498
0.808	0.497
0.814	0.495
0.82	0.487
0.879	0.637
0.857	0.64
0.835	0.644
0.816	0.649
0.794	0.653
0.776	0.661
0.762	0.66
0.756	0.658
0.757	0.652
0.76	0.651
0.761	0.65
0.761	0.65
0.76	0.649
0.763	0.649
0.763	0.648
0.767	0.648
0.77	0.647
0.664	0.702
0.641	0.71
0.619	0.718
0.602	0.724
0.586	0.732
0.569	0.736
0.558	0.737
0.548	0.74
0.544	0.738
0.545	0.736
0.549	0.735
0.55	0.735
0.55	0.735
0.549	0.732
0.553	0.734
0.886	0.735
0.867	0.735
0.847	0.734
0.831	0.739
0.813	0.741
0.799	0.746
0.787	0.753
0.777	0.856
0.774	0.854
0.775	0.85
0.776	0.85
0.776	0.849
0.776	0.849
0.776	0.755
0.776	0.75
0.775	0.749
0.775	0.746
0.775	0.745
0.775	0.744
0.774	0.74
0.774	0.738
0.774	0.736
0.773	0.731
0.776	0.732
0.776	0.73
0.786	0.732
0.786	0.372
0.775	0.363
0.775	0.36
0.775	0.355
0.778	0.356
0.781	0.354
0.784	0.735
0.804	0.732
0.592	0.531
0.587	0.527
0.579	0.522
0.577	0.517
0.573	0.512
0.569	0.508
0.818	0.478
0.803	0.475
0.788	0.472
0.778	0.47
0.768	0.468
0.755	0.465
0.747	0.463
0.746	0.459
0.747	0.461
0.749	0.461
0.749	0.461
0.749	0.46
0.752	0.46
0.765	0.46
0.756	0.459
0.899	0.664
0.881	0.673
0.863	0.683
0.846	0.691
0.829	0.7
0.812	0.708
0.797	0.717
0.789	0.722
0.785	0.726
0.782	0.723
0.783	0.722
0.783	0.728
0.783	0.725
0.782	0.725
0.781	0.724
0.781	0.724
0.78	0.723
0.778	0.719
0.777	0.719
0.776	0.718
0.776	0.717
0.775	0.72
0.775	0.719
0.774	0.726
0.777	0.733
0.78	1.142
0.791	0.725
0.777	1.129
0.776	0.728
0.776	0.791
0.775	0.853
0.781	0.752
0.781	0.817
0.799	0.773
0.791	0.755
0.786	0.754
0.787	0.752
0.78	0.748
0.733	0.555
0.704	0.549
0.682	0.542
0.666	0.541
0.656	0.534
0.886	0.525
0.87	0.519
0.86	0.507
0.859	0.504
0.862	0.502
0.864	0.502
0.864	0.502
0.863	0.502
0.865	0.501
0.865	0.5
0.865	0.499
0.866	0.498
0.866	0.496
0.867	0.495
0.867	0.495
0.867	0.495
0.867	0.495
0.867	0.494
0.868	0.493
0.868	0.492
0.869	0.491
0.869	0.49
0.869	0.489
0.866	0.488
0.865	0.487
0.586	0.485
0.588	0.483
0.87	0.481
0.87	0.478
0.87	0.476
0.87	0.474
0.87	0.472
0.87	0.47
0.87	0.469
0.869	0.466
0.865	0.463
0.864	0.461
0.866	0.459
0.865	0.456
0.864	0.454
0.863	0.452
0.863	0.451
0.865	0.449
0.862	0.448
0.863	0.45
0.853	0.451
0.856	0.446
0.854	0.445
0.853	0.445
0.852	0.444
0.851	0.448
0.851	0.474
0.853	0.504
0.855	0.538
0.857	0.455
0.856	0.452
0.897	0.452
0.866	0.456
0.869	0.455
0.876	0.455
0.897	0.455
0.896	0.475
0.852	0.529
0.852	0.529
0.852	0.531
0.852	0.53
0.852	0.873
0.855	0.479
0.855	1.032
0.858	0.468
0.868	0.463
0.879	0.467
0.873	0.701
0.894	1.04
0.881	1.043
0.862	2.575
0.847	2.58
0.833	4.428
0.819	3.743
0.811	5
0.811	1.032
0.818	1.027
0.821	1.027
0.823	1.027
0.823	1.027
0.823	1.023
0.824	1.026
0.824	0.982
0.824	0.978
0.82	0.976
0.82	0.972
0.82	0.97
0.82	0.965
0.82	0.964
0.821	0.965
0.821	0.964
0.822	0.962
0.823	0.963
0.823	0.961
0.823	0.955
0.822	0.95
0.821	0.948
0.821	0.946
0.82	0.944
0.82	0.945
0.82	0.944
0.823	0.949
0.824	0.956
0.823	0.958
0.819	0.933
0.819	0.931
0.818	0.928
0.817	0.927
0.817	0.928
0.82	1.016
0.82	1.013
0.819	1.011
0.818	1.009
0.813	0.923
0.811	0.919
0.811	0.992
0.81	0.864
0.81	0.847
0.818	0.84
0.895	0.833
0.809	0.83
0.807	0.827
0.81	0.98
0.81	0.983
0.811	0.84
0.808	0.979
0.811	0.978
0.818	0.844
0.817	0.842
0.824	0.842
0.886	0.813
0.882	0.806
0.882	0.8
0.868	0.666
0.852	0.658
0.835	0.65
0.85	0.643
0.808	0.635
0.801	0.625
0.801	0.621
0.795	0.622
0.798	0.624
0.802	0.617
0.804	0.618
0.807	0.618
0.803	0.617
0.804	0.617
0.804	0.612
0.804	0.612
0.804	0.611
0.804	0.61
0.804	0.609
0.804	0.607
0.804	0.605
0.804	0.596
0.804	0.594
0.804	0.589
0.804	0.584
0.805	0.583
0.806	0.581
0.807	0.579
0.808	0.581
0.807	0.58
0.807	0.58
0.807	0.58
0.807	0.58
0.807	0.58
0.807	0.579
0.807	0.582
0.808	0.581
0.808	0.579
0.808	0.574
0.808	0.572
0.808	0.571
0.808	0.569
0.807	0.567
0.808	0.565
0.808	0.563
0.808	0.563
0.808	0.563
0.808	0.563
0.808	0.562
0.807	0.562
0.807	0.564
0.806	0.568
0.805	0.566
0.805	0.567
0.804	0.557
0.803	0.552
0.803	0.55
0.802	0.548
0.802	0.543
0.806	0.545
0.806	0.543
0.804	0.542
0.8	0.592
0.798	0.564
0.796	0.543
0.795	0.539
0.794	0.538
0.793	0.541
0.793	0.61
0.793	0.842
0.795	0.825
0.817	0.703
0.833	0.572
0.794	0.674
0.794	0.569
0.797	0.851
0.8	0.556
0.817	0.57
0.825	0.569
0.881	0.708
0.886	0.704
0.881	0.675
0.86	0.665
0.867	0.653
0.886	0.634
0.846	0.612
0.832	0.608
0.835	0.583
0.781	0.552
0.766	0.547
0.596	0.543
0.586	0.529
0.823	0.524
0.802	0.52
0.766	0.51
0.762	0.507
0.762	0.506
0.759	0.506
0.759	0.506
0.761	0.505
0.882	0.497
0.865	0.495
0.892	0.493
0.876	0.491
0.866	0.489
0.855	0.489
0.844	0.488
0.835	0.487
0.834	0.486
0.835	0.484
0.836	0.483
0.836	0.483
0.836	0.482
0.836	0.482
0.836	0.481
0.839	0.48
0.842	0.479
0.893	0.675
0.874	0.683
0.856	0.689
0.837	0.69
0.822	0.691
0.667	0.747
0.645	0.755
0.625	0.763
0.609	0.77
0.593	0.778
0.575	0.785
0.565	0.788
0.554	0.783
0.548	0.776
0.549	0.774
0.553	0.774
0.556	0.771
0.563	0.77
0.569	0.769
0.569	0.769
0.898	0.771
0.882	0.771
0.865	0.77
0.848	0.764
0.832	0.765
0.816	0.766
0.802	0.767
0.786	0.768
0.781	0.768
0.782	0.769
0.783	0.768
0.785	0.77
0.785	0.768
0.784	0.767
0.784	0.868
0.783	0.87
0.783	0.87
0.782	0.869
0.78	0.771
0.779	0.766
0.778	0.76
0.777	0.754
0.776	0.749
0.776	0.747
0.776	0.746
0.777	0.748
0.777	0.747
0.78	0.747
0.78	0.747
0.779	0.746
0.785	0.391
0.828	0.374
0.782	0.372
0.777	0.371
0.776	0.366
0.775	0.364
0.774	0.366
0.776	0.375
0.779	0.746
0.796	0.75
0.893	0.733
0.886	0.726
0.592	0.527
0.587	0.523
0.583	0.519
0.576	0.515
0.575	0.511
0.572	0.507
0.568	0.504
0.803	0.5
0.801	0.498
0.802	0.497
0.802	0.497
0.802	0.496
0.802	0.496
0.802	0.496
0.802	0.495
0.802	0.494
0.804	0.493
0.589	0.487
0.59	0.486
0.59	0.486
0.895	0.707
0.876	0.714
0.857	0.721
0.838	0.728
0.819	0.735
0.801	0.742
0.785	0.747
0.776	0.748
0.777	0.746
0.78	0.744
0.78	0.744
0.78	0.744
0.779	0.744
0.779	0.744
0.779	0.743
0.779	0.743
0.778	0.743
0.778	0.743
0.778	0.743
0.778	0.742
0.778	0.742
0.78	0.741
0.779	0.744
0.774	0.743
0.773	0.748
0.772	0.743
0.771	0.738
0.77	0.737
0.769	0.737
0.768	0.739
0.767	0.739
0.766	0.743
0.766	0.749
0.771	1.151
0.875	0.746
0.818	0.789
0.768	0.784
0.767	0.783
0.767	0.784
0.77	0.81
0.773	0.769
0.786	0.763
0.797	0.756
0.78	0.746
0.755	0.555
0.712	0.551
0.684	0.542
0.669	0.536
0.658	0.529
0.655	0.52
0.886	0.515
0.88	0.506
0.57	0.504
0.568	0.504
0.565	0.505
0.887	0.505
0.886	0.504
0.565	0.503
0.886	0.502
0.889	0.501
0.889	0.501
0.889	0.5
0.888	0.5
0.889	0.499
0.889	0.498
0.889	0.497
0.889	0.495
0.89	0.494
0.89	0.493
0.891	0.491
0.891	0.49
0.888	0.489
0.584	0.486
0.891	0.484
0.893	0.482
0.892	0.48
0.892	0.479
0.893	0.477
0.892	0.475
0.892	0.473
0.892	0.472
0.893	0.47
0.895	0.467
0.887	0.464
0.89	0.461
0.889	0.459
0.888	0.457
0.887	0.455
0.887	0.453
0.886	0.451
0.889	0.45
0.882	0.452
0.887	0.463
0.877	0.451
0.88	0.447
0.879	0.446
0.878	0.446
0.876	0.445
0.876	0.448
0.878	0.475
0.877	0.504
0.879	0.553
0.887	0.453
0.899	0.457
0.877	0.545
0.873	0.539
0.876	1.053
0.882	0.47
0.892	0.469
0.899	0.916
0.883	0.922
0.867	0.927
0.851	0.932
0.836	0.938
0.822	0.917
0.816	0.903
0.817	0.897
0.817	0.891
0.822	0.89
0.822	0.894
0.822	0.89
0.818	0.89
0.817	0.89
0.816	0.889
0.816	0.888
0.814	0.887
0.814	0.886
0.813	0.885
0.812	0.884
0.815	0.889
0.815	0.978
0.815	0.898
0.813	0.97
0.812	0.881
0.807	0.877
0.806	0.877
0.805	0.901
0.804	0.963
0.803	0.871
0.805	0.954
0.805	0.887
0.807	0.837
0.823	0.834
0.874	0.83
0.806	0.822
0.802	0.819
0.804	0.818
0.807	0.814
0.813	0.826
0.881	0.798
0.892	0.792
0.893	0.788
0.895	0.785
0.893	0.66
0.874	0.654
0.856	0.648
0.837	0.645
0.818	0.632
0.801	0.634
0.786	0.619
0.778	0.608
0.779	0.603
0.782	0.602
0.784	0.602
0.784	0.603
0.784	0.602
0.784	0.602
0.783	0.601
0.783	0.596
0.783	0.595
0.784	0.594
0.784	0.592
0.784	0.59
0.785	0.589
0.786	0.588
0.786	0.587
0.785	0.59
0.784	0.584
0.784	0.578
0.783	0.576
0.783	0.574
0.783	0.572
0.783	0.57
0.782	0.572
0.781	0.577
0.78	0.568
0.779	0.562
0.778	0.557
0.777	0.555
0.776	0.553
0.779	0.555
0.779	0.553
0.773	0.552
0.771	0.564
0.769	0.552
0.767	0.551
0.765	0.551
0.763	0.55
0.762	0.578
0.761	0.588
0.763	0.798
0.766	0.686
0.779	0.586
0.765	0.681
0.761	0.663
0.76	0.775
0.763	0.813
0.766	0.567
0.776	0.572
0.794	0.577
0.873	0.731
0.892	0.722
0.887	0.716
0.871	0.71
0.856	0.703
0.9	0.68
0.892	0.676
0.851	0.666
0.844	0.661
0.88	0.655
0.885	0.613
0.867	0.565
0.826	0.51
0.855	0.506
0.898	0.503
0.879	0.501
0.863	0.499
0.848	0.496
0.834	0.494
0.824	0.493
0.821	0.49
0.827	0.49
0.828	0.49
0.829	0.49
0.829	0.49
0.828	0.489
0.828	0.489
0.828	0.488
0.831	0.487
0.828	0.486
0.832	0.485
0.831	0.484
0.834	0.483
0.823	0.481
0.889	0.669
0.871	0.671
0.853	0.676
0.835	0.674
0.821	0.675
0.714	0.715
0.695	0.723
0.672	0.734
0.653	0.742
0.639	0.75
0.625	0.757
0.612	0.764
0.601	0.767
0.595	0.766
0.595	0.765
0.596	0.761
0.597	0.76
0.6	0.76
0.6	0.759
0.603	0.758
0.889	0.777
0.872	0.779
0.856	0.781
0.839	0.784
0.822	0.791
0.806	0.901
0.792	0.902
0.779	0.901
0.771	0.805
0.769	0.8
0.77	0.799
0.77	0.798
0.77	0.794
0.77	0.793
0.769	0.792
0.769	0.791
0.769	0.791
0.769	0.79
0.769	0.789
0.768	0.789
0.768	0.789
0.768	0.788
0.768	0.787
0.768	0.405
0.768	0.397
0.77	0.393
0.77	0.392
0.776	0.39
0.784	0.389
0.773	0.384
0.769	0.386
0.768	0.411
0.768	0.782
0.77	0.43
0.774	0.808
0.784	0.379
0.899	0.74
0.888	0.736
0.879	0.732
0.871	0.726
0.856	0.393
0.849	0.379
0.575	0.51
0.575	0.506
0.574	0.498
0.803	0.488
0.787	0.485
0.776	0.482
0.765	0.48
0.763	0.478
0.766	0.479
0.766	0.478
0.766	0.478
0.766	0.477
0.765	0.477
0.765	0.473
0.767	0.476
0.767	0.475
0.767	0.474
0.779	0.473
0.569	0.468
0.57	0.465
0.897	0.714
0.878	0.722
0.86	0.73
0.843	0.738
0.825	0.746
0.809	0.753
0.794	0.759
0.785	0.762
0.784	0.76
0.787	0.759
0.788	0.758
0.789	0.758
0.788	0.758
0.788	0.758
0.791	0.758
0.791	0.757
0.789	0.757
0.785	0.759
0.784	0.758
0.783	0.766
0.783	0.76
0.782	0.759
0.782	0.759
0.781	0.755
0.78	0.755
0.779	0.754
0.777	0.754
0.776	0.754
0.775	0.757
0.774	0.757
0.774	0.76
0.773	0.764
0.776	0.794
0.778	0.803
0.783	0.763
0.826	0.795
0.776	0.792
0.775	0.769
0.775	0.789
0.778	0.805
0.778	0.775
0.784	0.768
0.805	0.765
0.791	0.756
0.715	0.529
0.677	0.522
0.651	0.514
0.628	0.506
0.606	0.498
0.591	0.49
0.585	0.484
0.573	0.478
0.835	0.479
0.837	0.483
0.839	0.482
0.839	0.481
0.839	0.479
0.837	0.476
0.831	0.475
0.834	0.47
0.834	0.47
0.831	0.469
0.831	0.468
0.527	0.466
0.832	0.464
0.836	0.462
0.839	0.46
0.842	0.455
0.843	0.456
0.843	0.454
0.841	0.453
0.838	0.451
0.838	0.449
0.838	0.447
0.834	0.445
0.837	0.443
0.845	0.441
0.846	0.439
0.845	0.437
0.845	0.435
0.846	0.433
0.847	0.431
0.836	0.428
0.835	0.425
0.834	0.423
0.834	0.42
0.842	0.417
0.841	0.415
0.841	0.414
0.844	0.412
0.843	0.411
0.831	0.413
0.827	0.414
0.826	0.413
0.825	0.408
0.826	0.408
0.828	0.408
0.83	0.411
0.829	0.423
0.828	0.441
0.83	0.467
0.836	0.418
0.84	0.419
0.828	0.484
0.827	0.999
0.83	0.431
0.832	0.433
0.835	0.434
0.835	0.43
0.835	0.43
0.835	0.43
0.839	0.428
0.852	0.431
0.856	0.432
0.881	0.707
0.811	0.641
0.795	0.638
0.778	0.648
0.781	0.636
0.749	0.62
0.891	0.833
0.872	0.835
0.853	0.835
0.834	0.837
0.814	0.84
0.796	0.843
0.78	0.845
0.775	0.844
0.778	0.843
0.78	0.842
0.782	0.841
0.783	0.841
0.782	0.844
0.782	0.844
0.782	0.842
0.783	0.845
0.786	0.841
0.783	0.84
0.784	0.838
0.787	0.834
0.786	0.833
0.786	0.831
0.782	0.829
0.781	0.828
0.78	0.826
0.78	0.825
0.779	0.823
0.779	0.822
0.781	0.83
0.781	0.905
0.78	0.834
0.778	0.825
0.772	0.831
0.77	0.821
0.769	0.82
0.768	0.854
0.767	0.89
0.766	0.884
0.766	0.826
0.769	0.822
0.768	0.798
0.78	0.794
0.796	0.791
0.767	0.787
0.766	0.784
0.766	0.78
0.768	0.773
0.771	0.77
0.784	0.767
0.843	0.763
0.885	0.755
0.887	0.752
0.885	0.749
0.886	0.638
0.897	0.606
0.88	0.601
0.864	0.597
0.849	0.593
0.835	0.589
0.824	0.585
0.822	0.583
0.825	0.578
0.826	0.578
0.826	0.582
0.826	0.578
0.826	0.578
0.826	0.577
0.826	0.576
0.827	0.572
0.827	0.572
0.827	0.572
0.827	0.571
0.827	0.57
0.828	0.569
0.828	0.568
0.828	0.566
0.828	0.564
0.828	0.564
0.826	0.562
0.826	0.561
0.825	0.566
0.825	0.565
0.825	0.565
0.825	0.565
0.825	0.56
0.826	0.559
0.825	0.554
0.826	0.553
0.826	0.552
0.826	0.55
0.827	0.549
0.827	0.547
0.828	0.546
0.827	0.545
0.826	0.547
0.825	0.55
0.823	0.547
0.822	0.545
0.821	0.538
0.82	0.532
0.82	0.53
0.82	0.529
0.82	0.528
0.823	0.527
0.821	0.527
0.824	0.526
0.824	0.526
0.823	0.525
0.822	0.524
0.818	0.527
0.817	0.527
0.816	0.542
0.816	0.707
0.814	0.524
0.813	0.52
0.813	0.523
0.812	0.527
0.812	0.572
0.811	0.867
0.813	0.842
0.879	0.838
0.816	0.548
0.812	0.667
0.811	0.665
0.814	0.666
0.817	0.546
0.837	0.805
0.835	0.704
0.806	0.697
0.791	0.688
0.78	0.68
0.858	0.672
0.854	0.651
0.857	0.651
0.854	0.65
0.851	0.65
0.855	0.649
0.851	0.649
0.847	0.649
0.847	0.651
0.853	0.651
0.858	0.635
0.842	0.537
0.815	0.531
0.746	0.512
0.729	0.508
0.895	0.5
0.888	0.497
0.868	0.493
0.858	0.489
0.852	0.487
0.853	0.487
0.854	0.487
0.854	0.487
0.854	0.486
0.853	0.486
0.853	0.485
0.852	0.484
0.852	0.483
0.851	0.482
0.847	0.481
0.846	0.48
0.846	0.479
0.849	0.476
0.848	0.474
0.848	0.473
0.848	0.473
0.851	0.472
0.851	0.471
0.851	0.471
0.897	0.676
0.885	0.684
0.684	0.74
0.663	0.75
0.648	0.757
0.632	0.765
0.617	0.772
0.604	0.776
0.592	0.779
0.591	0.775
0.895	0.782
0.875	0.779
0.859	0.78
0.842	0.782
0.823	0.784
0.808	0.786
0.795	0.787
0.789	0.787
0.79	0.789
0.791	0.791
0.792	0.794
0.792	0.892
0.792	0.888
0.792	0.891
0.792	0.887
0.792	0.887
0.792	0.887
0.792	0.886
0.791	0.885
0.79	0.791
0.79	0.789
0.789	0.784
0.788	0.779
0.787	0.773
0.786	0.771
0.785	0.77
0.787	0.768
0.79	0.398
0.8	0.389
0.785	0.387
0.785	0.384
0.784	0.383
0.787	0.777
0.786	0.765
0.793	0.863
0.81	0.78
0.82	0.371
0.723	0.577
0.69	0.619
0.884	0.509
0.867	0.506
0.848	0.503
0.831	0.499
0.816	0.496
0.802	0.493
0.789	0.49
0.783	0.488
0.784	0.487
0.802	0.487
0.802	0.486
0.583	0.479
0.584	0.478
0.9	0.692
0.882	0.699
0.864	0.706
0.846	0.714
0.828	0.72
0.811	0.727
0.798	0.731
0.793	0.731
0.794	0.729
0.796	0.727
0.797	0.727
0.797	0.727
0.796	0.727
0.796	0.727
0.795	0.727
0.795	0.726
0.798	0.726
0.797	0.725
0.796	0.725
0.792	0.727
0.791	0.739
0.789	0.728
0.788	0.727
0.787	0.723
0.786	0.722
0.785	0.721
0.784	0.721
0.783	0.724
0.783	0.727
0.783	0.733
0.785	1.152
0.896	0.73
0.835	0.733
0.784	0.736
0.783	0.754
0.786	0.827
0.785	0.757
0.792	0.785
0.809	0.779
0.819	0.772
0.775	0.567
0.763	0.561
0.71	0.555
0.698	0.548
0.68	0.545
0.667	0.539
0.897	0.526
0.9	0.522
0.578	0.521
0.576	0.519
0.574	0.516
0.573	0.513
0.571	0.51
0.862	0.507
0.853	0.503
0.842	0.501
0.835	0.499
0.833	0.497
0.834	0.497
0.835	0.496
0.835	0.495
0.836	0.495
0.837	0.494
0.838	0.493
0.84	0.492
0.841	0.49
0.843	0.489
0.84	0.488
0.84	0.486
0.587	0.484
0.845	0.481
0.846	0.479
0.845	0.477
0.845	0.474
0.845	0.473
0.844	0.471
0.844	0.469
0.84	0.468
0.836	0.464
0.838	0.461
0.84	0.459
0.839	0.456
0.839	0.454
0.839	0.451
0.839	0.449
0.842	0.448
0.833	0.446
0.84	0.451
0.827	0.446
0.833	0.445
0.832	0.443
0.831	0.443
0.83	0.442
0.829	0.445
0.828	0.458
0.828	0.483
0.83	0.523
0.867	0.452
0.844	0.453
0.832	0.474
0.829	0.521
0.828	0.85
0.831	0.473
0.834	0.465
0.85	0.463
0.859	0.674
0.84	0.667
0.822	0.663
0.894	2.47
0.876	2.483
0.862	3.642
0.848	3.646
0.835	3.652
0.823	3.658
0.815	0.885
0.815	3.663
0.818	3.661
0.82	4.409
0.822	4.409
0.822	4.409
0.821	4.408
0.821	3.672
0.822	0.914
0.826	0.906
0.827	0.908
0.827	0.862
0.828	0.856
0.827	0.854
0.824	0.849
0.823	0.847
0.822	0.845
0.822	0.843
0.822	0.842
0.823	0.84
0.823	0.844
0.824	0.838
0.826	0.831
0.822	0.83
0.821	0.827
0.821	0.825
0.82	0.823
0.82	0.822
0.82	0.824
0.823	0.865
0.822	0.82
0.821	0.815
0.816	0.81
0.815	0.808
0.814	0.806
0.813	0.804
0.813	0.809
0.816	0.919
0.816	0.916
0.817	0.813
0.81	0.805
0.809	0.801
0.807	0.8
0.806	0.823
0.806	0.863
0.805	0.859
0.808	0.887
0.808	0.896
0.807	0.868
0.826	0.841
0.825	0.834
0.841	0.826
0.805	0.823
0.808	0.829
0.808	0.825
0.814	0.805
0.871	0.798
0.889	0.794
0.897	0.768
0.894	0.649
0.873	0.642
0.854	0.628
2.011	3.134
1.96	1.434
1.945	1.426
1.93	1.422
1.914	1.415
1.897	1.413
1.881	1.407
1.865	1.406
1.848	1.404
1.831	1.402
1.815	1.403
1.798	1.398
1.781	1.396
1.764	1.397
1.748	1.395
1.732	1.393
1.647	1.394
1.631	1.406
1.628	1.405
1.612	1.39
1.596	1.388
1.557	1.387
1.559	1.386
1.581	1.387
1.332	2.171
1.323	2.177
1.312	2.185
1.3	2.197
1.284	2.208
1.274	2.224
1.261	2.233
1.251	2.241
1.242	2.252
1.226	2.261
1.213	2.267
1.182	2.282
1.158	2.295
1.144	2.302
1.325	0.907
1.761	0.902
1.07	0.904
1.052	0.904
1.036	0.908
1.018	0.908
1.001	0.906
0.983	0.91
0.967	0.946
0.954	0.988
0.938	0.911
0.922	0.909
0.907	0.911
2.051	1.407
2.04	1.401
2.028	1.399
2.015	1.4
2.002	1.399
1.988	1.395
1.973	1.391
1.958	1.391
1.943	1.39
1.928	1.387
1.912	1.386
1.897	1.386
1.882	1.382
1.867	1.381
1.852	1.381
1.838	1.381
1.824	1.381
1.811	1.384
1.799	1.383
1.787	1.386
1.68	1.417
1.671	1.384
1.745	1.38
1.601	1.379
1.599	1.38
1.308	0.923
1.291	0.937
1.277	2.127
1.263	2.14
1.249	2.153
1.235	2.165
1.221	2.177
1.208	2.191
1.195	2.202
1.183	2.213
1.17	2.222
1.158	2.228
1.149	2.234
1.137	2.243
1.128	2.251
1.117	2.255
1.104	2.263
1.091	2.271
1.078	2.278
1.926	1.455
1.911	1.447
1.894	1.439
1.877	1.432
1.858	1.429
1.841	1.426
1.822	1.424
1.804	1.421
1.786	1.418
1.769	1.415
1.752	1.415
1.734	1.412
1.717	1.41
1.701	1.408
1.686	1.406
1.672	1.405
1.659	1.41
1.653	1.419
1.651	1.414
1.65	1.412
1.649	1.412
1.646	1.415
1.636	1.411
1.629	1.411
1.629	1.411
1.631	1.412
1.627	1.412
1.629	1.411
1.626	1.412
1.628	1.412
1.624	1.412
1.629	1.412
1.604	1.413
1.603	1.413
1.557	1.413
1.556	1.413
1.556	1.413
1.558	1.413
1.558	1.414
1.558	1.413
1.557	1.414
1.556	1.414
1.555	1.418
1.558	1.419
1.554	1.42
1.543	1.443
1.35	5
1.34	2.669
1.329	2.657
1.321	2.647
1.311	2.636
1.299	1.327
1.315	1.304
1.304	1.291
1.285	1.281
1.274	1.274
1.28	1.268
1.239	1.258
1.222	1.169
1.211	1.171
1.201	1.174
1.191	1.177
1.181	1.18
1.172	1.18
1.159	1.179
1.15	0.94
1.144	0.947
1.135	0.958
1.126	1.183
1.121	1.184
1.107	1.185
1.096	1.186
1.082	1.189
1.072	1.198
1.061	2.505
1.054	1.007
1.044	1.009
1.033	1.01
1.02	1.015
1.005	1.023
0.993	1.041
0.981	1.029
0.973	1.034
0.957	1.033
0.944	1.003
0.931	1.001
0.918	1.038
0.904	1.039
1.893	1.428
1.876	1.419
1.859	1.413
1.84	1.405
1.82	1.4
1.801	1.398
1.782	1.394
1.763	1.389
1.745	1.386
1.727	1.381
1.633	1.38
1.693	1.384
1.678	1.412
1.663	1.378
1.649	1.372
1.569	1.369
1.559	1.367
1.578	1.364
1.547	1.361
1.555	1.358
1.45	1.362
1.369	2.692
1.358	2.689
1.342	2.686
1.284	0.935
1.276	2.253
1.265	1.319
1.254	1.324
1.245	1.336
1.234	2.293
1.115	2.358
1.098	2.365
1.081	2.372
1.014	2.401
0.997	2.407
0.948	0.903
0.932	0.908
0.915	0.913
2.096	3.091
2.085	3.097
1.995	1.464
1.981	1.455
1.968	1.452
1.956	1.447
1.943	1.446
1.931	1.444
1.918	1.442
1.905	1.441
1.891	1.437
1.877	1.435
1.862	1.434
1.848	1.433
1.833	1.431
1.818	1.43
1.804	1.431
1.79	1.43
1.776	1.431
1.762	1.44
1.686	1.432
1.677	1.424
1.658	1.422
1.646	1.421
1.359	0.915
1.345	0.982
1.332	2.168
1.304	2.192
1.29	2.204
1.277	2.217
1.263	2.229
1.249	1.292
1.236	1.297
1.223	1.305
1.21	1.312
1.201	1.319
1.19	2.29
1.181	2.298
1.17	2.304
1.157	1.762
1.144	1.772
1.132	2.326
1.12	2.333
1.108	2.34
1.096	2.347
1.874	1.496
1.855	1.492
1.836	1.488
1.817	1.485
1.797	1.481
1.779	1.481
1.76	1.474
1.742	1.473
1.724	1.466
1.706	1.466
1.688	1.462
1.671	1.459
1.659	1.456
1.641	1.457
1.626	1.477
1.612	1.485
1.598	1.449
1.584	1.446
1.57	1.444
1.557	1.442
1.545	1.439
1.47	1.444
1.44	2.738
1.395	0.988
1.389	2.278
1.382	2.283
1.37	1.432
1.357	1.746
1.346	1.748
1.335	1.754
1.327	1.762
1.318	1.774
1.306	2.35
1.292	2.359
1.279	1.001
1.267	2.373
1.251	2.38
1.238	2.387
1.229	2.394
1.216	2.401
1.204	2.408
1.191	2.415
1.177	2.424
1.163	2.429
1.149	1.6
1.132	1.601
1.119	0.943
1.105	0.94
1.091	0.938
1.08	0.938
1.067	0.938
1.053	0.939
1.038	0.933
1.019	0.933
1.005	0.933
0.991	0.933
0.975	0.933
0.961	0.935
0.946	0.935
0.935	0.937
0.922	0.939
0.908	2.468
1.687	0.445
1.687	0.449
1.687	0.449
1.687	0.449
1.687	0.449
1.686	0.446
1.684	0.451
1.68	0.453
0.908	0.478
1.27	0.477
1.639	0.476
1.638	0.475
1.637	0.474
1.636	0.475
1.635	0.475
1.635	0.475
1.635	0.475
1.635	0.475
1.633	0.475
1.629	0.474
1.624	0.473
1.618	0.473
1.611	0.473
1.609	0.472
1.603	0.471
1.581	0.471
1.572	0.471
1.562	0.47
1.553	0.47
1.179	0.47
1.167	0.47
1.159	0.471
1.151	0.471
1.143	0.471
1.136	0.471
1.128	0.472
1.477	0.472
1.129	0.473
1.457	0.473
1.448	0.474
1.438	0.475
1.428	0.486
1.418	0.485
1.409	0.486
1.399	0.485
1.39	0.486
1.38	0.487
1.37	0.489
1.361	0.491
1.354	0.494
1.491	0.46
1.202	0.458
1.201	0.456
1.2	0.455
1.198	0.454
1.198	0.455
1.198	0.455
1.197	0.456
1.198	0.456
1.191	0.457
1.186	0.458
1.567	0.459
1.208	0.461
1.553	0.462
1.191	0.464
1.535	0.465
1.528	0.466
1.519	0.468
1.512	0.47
1.416	0.471
1.522	0.473
1.475	0.476
1.487	0.478
1.473	0.48
1.472	0.483
1.459	0.486
1.462	0.489
1.34	0.491
1.335	0.494
1.821	0.371
1.817	0.363
1.816	0.357
1.814	0.357
1.813	0.357
1.813	0.357
1.81	0.357
1.81	0.356
1.81	0.356
0.963	0.356
1.81	0.356
0.957	0.357
1.799	0.357
0.937	0.358
0.93	0.362
1.727	0.383
2.715	0.374
2.094	0.374
2.693	0.378
2.681	0.386
1.501	0.487
1.495	0.487
1.494	0.486
1.491	0.485
1.496	0.485
1.702	0.485
1.492	0.485
1.491	0.485
1.492	0.485
1.694	0.484
1.689	0.483
1.682	0.483
1.675	0.482
1.666	0.481
1.656	0.48
1.635	0.478
1.624	0.478
1.613	0.478
1.603	0.477
1.593	0.477
1.584	0.478
1.575	0.477
1.567	0.478
1.559	0.478
1.55	0.478
1.541	0.479
1.531	0.48
1.521	0.48
1.511	0.481
1.316	0.482
1.304	0.483
1.296	0.484
1.291	0.485
1.283	0.486
1.278	0.487
1.273	0.488
1.432	0.49
1.422	0.491
1.412	0.493
1.402	0.494
0.904	0.403
3.338	0.423
3.335	0.424
3.335	0.425
3.335	0.422
3.335	0.425
3.335	0.422
3.335	0.425
3.335	0.425
3.335	0.425
3.334	0.427
2.935	0.426
2.923	0.431
3.322	0.436
3.316	0.443
3.309	0.454
3.301	0.463
3.29	0.479
2.338	0.491
2.316	0.481
2.297	0.476
1.914	0.471
1.889	0.464
1.877	0.463
2.225	0.461
2.209	0.46
2.194	0.461
2.18	0.458
2.166	0.457
1.879	0.474
2.13	0.471
2.12	0.467
1.838	0.46
1.827	0.46
2.09	0.464
2.081	0.458
1.84	0.458
1.832	0.468
1.987	0.489
0.906	0.494
0.905	0.494
0.904	0.493
1.493	0.455
1.492	0.453
1.2	0.451
1.199	0.449
1.197	0.448
1.196	0.448
1.195	0.448
1.195	0.448
1.196	0.448
1.195	0.448
1.195	0.448
1.194	0.448
1.193	0.449
1.191	0.449
1.191	0.45
1.19	0.451
1.57	0.453
1.206	0.454
1.558	0.455
1.549	0.456
1.54	0.457
1.534	0.459
1.553	0.461
1.54	0.463
1.504	0.466
1.493	0.468
1.476	0.471
1.467	0.474
1.488	0.476
1.463	0.479
1.468	0.482
1.459	0.485
1.424	0.488
1.414	0.491
1.428	0.494
0.917	0.468
1.668	0.481
1.653	0.476
1.636	0.478
1.616	0.484
1.603	0.487
1.553	0.466
1.542	0.458
1.543	0.453
1.545	0.453
1.544	0.453
1.542	0.453
1.541	0.452
1.541	0.452
1.54	0.452
1.541	0.452
1.541	0.452
1.54	0.452
1.54	0.452
1.54	0.452
1.539	0.451
1.537	0.451
1.493	0.423
1.496	0.422
1.732	0.42
1.731	0.418
1.731	0.418
1.731	0.418
1.732	0.418
1.731	0.418
1.731	0.418
1.731	0.418
1.731	0.418
1.731	0.418
1.731	0.418
1.729	0.418
1.726	0.418
1.721	0.417
1.714	0.417
1.707	0.416
1.698	0.416
1.689	0.416
1.679	0.416
1.668	0.416
1.657	0.416
1.647	0.416
1.636	0.417
1.411	0.418
1.615	0.42
1.604	0.421
1.594	0.422
1.584	0.423
1.36	0.425
1.348	0.426
1.34	0.428
1.331	0.429
1.323	0.431
1.314	0.433
1.305	0.435
1.298	0.437
1.289	0.439
1.285	0.441
1.473	0.443
1.463	0.445
1.452	0.447
1.442	0.449
1.432	0.451
1.422	0.453
1.411	0.455
1.401	0.458
1.391	0.46
1.381	0.462
1.371	0.465
1.362	0.467
1.352	0.469
1.343	0.472
1.333	0.474
1.324	0.477
1.314	0.48
1.305	0.483
1.295	0.486
1.286	0.489
1.277	0.493
5	0.475
5	0.476
5	0.483
2.491	0.49
2.472	0.482
2.452	0.474
2.433	0.466
2.415	0.457
2.397	0.45
2.38	0.443
2.363	0.436
2.348	0.43
2.333	0.427
2.319	0.425
2.307	0.437
1.793	0.426
1.78	0.418
1.768	0.426
1.757	0.403
1.749	0.397
1.745	0.394
2.243	0.392
2.236	0.39
2.229	0.388
2.222	0.386
2.218	0.387
2.212	0.388
2.205	0.387
2.192	0.432
2.185	0.381
2.177	0.38
2.165	0.376
2.156	0.379
2.147	0.428
2.137	0.42
2.127	0.422
2.116	0.452
2.105	0.426
2.094	0.388
2.083	0.39
2.072	0.427
2.062	0.401
1.074	0.493
1.07	0.49
1.069	0.489
1.473	0.485
1.472	0.486
1.072	0.486
1.471	0.486
1.471	0.486
1.471	0.486
1.471	0.486
1.47	0.486
1.47	0.485
1.47	0.485
1.468	0.486
1.466	0.486
1.462	0.486
1.458	0.486
1.452	0.487
1.445	0.488
1.437	0.488
1.425	0.49
1.417	0.491
1.412	0.493
1.404	0.494
1.82	0.349
1.817	0.342
1.819	0.34
1.819	0.34
1.818	0.341
1.818	0.341
1.818	0.341
1.818	0.341
1.818	0.341
1.817	0.341
1.817	0.341
1.818	0.341
1.817	0.34
1.816	0.34
1.813	0.34
1.809	0.341
0.95	0.341
0.941	0.345
0.928	0.356
2.739	0.355
2.726	0.355
2.711	0.361
2.696	0.367
2.68	0.394
2.591	0.478
1.855	0.493
1.84	0.49
1.825	0.487
1.809	0.484
1.793	0.481
1.494	0.459
1.491	0.458
1.488	0.457
1.491	0.456
1.493	0.456
1.489	0.456
1.492	0.456
1.71	0.456
1.495	0.456
1.492	0.456
1.492	0.456
1.492	0.456
1.492	0.456
1.495	0.456
1.709	0.456
1.709	0.456
1.494	0.456
1.708	0.456
1.707	0.456
1.707	0.456
1.707	0.456
1.707	0.456
1.705	0.456
1.702	0.455
1.697	0.454
1.69	0.453
1.683	0.452
1.674	0.452
1.665	0.451
1.655	0.451
1.645	0.45
1.636	0.449
1.626	0.449
1.616	0.449
1.606	0.45
1.596	0.45
1.586	0.451
1.575	0.452
1.565	0.452
1.556	0.453
1.547	0.454
1.537	0.454
1.329	0.455
1.317	0.457
1.312	0.458
1.304	0.459
1.296	0.461
1.29	0.462
1.282	0.464
1.273	0.466
1.447	0.468
1.435	0.47
1.424	0.472
1.413	0.474
1.406	0.476
1.397	0.478
1.387	0.479
1.375	0.481
1.366	0.483
1.356	0.485
1.346	0.487
1.336	0.489
1.326	0.491
1.316	0.494
0.951	0.452
0.901	0.452
3.283	0.469
3.281	0.478
1.946	0.491
1.931	0.484
2.249	0.484
2.231	0.481
2.213	0.48
2.195	0.486
2.18	0.485
1.893	0.492
2.11	0.491
1.892	0.482
2.084	0.483
1.836	0.49
1.814	0.488
0.906	0.494
1.461	0.477
1.111	0.476
1.11	0.474
1.109	0.473
1.104	0.472
1.102	0.472
1.105	0.472
1.105	0.472
1.101	0.472
1.101	0.472
1.103	0.472
1.102	0.472
1.105	0.472
1.098	0.473
1.5	0.473
1.493	0.474
1.486	0.475
1.479	0.476
1.468	0.478
1.46	0.48
1.456	0.481
1.447	0.483
1.436	0.484
1.427	0.486
1.419	0.488
1.412	0.49
1.406	0.492
1.397	0.494
1.556	0.386
1.807	0.364
1.799	0.354
1.798	0.352
0.944	0.35
1.795	0.35
0.935	0.35
0.942	0.35
1.794	0.35
1.794	0.35
0.938	0.35
0.937	0.35
0.937	0.35
0.943	0.35
0.939	0.35
0.933	0.35
0.936	0.35
0.936	0.35
0.932	0.35
0.935	0.35
0.935	0.35
0.935	0.35
0.935	0.35
0.931	0.35
0.935	0.35
0.931	0.353
0.933	0.353
1.717	0.376
1.704	0.371
2.695	0.372
2.682	0.377
2.672	0.396
2.616	0.46
2.598	0.461
2.586	0.469
1.542	0.492
1.542	0.491
1.545	0.49
1.754	0.489
1.754	0.489
1.753	0.489
1.753	0.489
1.754	0.489
1.753	0.489
1.752	0.488
1.749	0.488
1.745	0.487
1.715	0.484
1.706	0.483
1.697	0.482
1.69	0.481
1.684	0.48
1.677	0.48
1.47	0.48
1.663	0.48
1.453	0.481
1.449	0.481
1.435	0.482
1.428	0.483
1.417	0.485
1.415	0.486
1.417	0.488
1.592	0.49
1.581	0.492
1.571	0.494
3.287	0.474
3.284	0.481
1.923	0.492
1.9	0.487
1.887	0.483
2.211	0.48
2.193	0.478
2.176	0.479
2.143	0.486
2.098	0.492
2.084	0.479
2.071	0.483
1.796	0.482
1.447	0.482
1.101	0.481
1.101	0.48
1.1	0.479
1.1	0.479
1.096	0.48
1.095	0.479
1.098	0.48
1.095	0.479
1.092	0.48
1.086	0.48
1.077	0.48
1.473	0.481
1.464	0.482
1.455	0.483
1.446	0.484
1.438	0.484
1.428	0.485
1.421	0.486
1.414	0.487
1.41	0.488
1.403	0.49
1.395	0.491
1.387	0.493
1.379	0.494
1.772	0.372
1.768	0.369
0.915	0.367
1.673	0.382
1.669	0.386
2.672	0.392
2.075	0.404
1.671	0.398
2.075	0.402
2.67	0.43
2.666	0.428
2.389	0.481
1.79	0.494
1.773	0.491
1.512	0.472
1.505	0.471
1.514	0.47
1.726	0.468
1.725	0.468
1.724	0.469
1.724	0.469
1.724	0.469
1.724	0.469
1.724	0.469
1.724	0.469
1.723	0.469
1.723	0.469
1.723	0.468
1.723	0.468
1.723	0.469
1.723	0.468
1.722	0.468
1.72	0.468
1.711	0.467
1.704	0.466
1.696	0.466
1.68	0.464
1.672	0.463
1.663	0.463
1.655	0.462
1.647	0.461
1.639	0.461
1.426	0.461
1.415	0.462
1.413	0.462
1.603	0.463
1.593	0.464
1.38	0.465
1.371	0.466
1.363	0.467
1.355	0.469
1.347	0.471
1.34	0.472
1.332	0.474
1.515	0.476
1.505	0.478
1.494	0.479
1.484	0.481
1.473	0.482
1.464	0.484
1.454	0.486
1.444	0.488
1.434	0.49
1.424	0.492
1.415	0.494
5	0.427
3.332	0.433
3.333	0.437
3.334	0.442
3.334	0.453
2.451	0.486
2.431	0.479
2.411	0.47
2.391	0.464
2.372	0.458
2.354	0.452
2.337	0.448
2.32	0.444
2.304	0.441
2.288	0.439
2.274	0.44
2.258	0.439
2.248	0.445
2.233	0.45
2.222	0.449
2.214	0.459
2.205	0.466
2.195	0.445
2.184	0.441
2.179	0.437
2.181	0.436
2.181	0.436
2.179	0.436
2.179	0.436
2.181	0.436
2.177	0.436
2.174	0.436
2.169	0.436
2.163	0.436
2.147	0.444
2.138	0.442
2.129	0.487
2.119	0.486
2.074	0.457
2.062	0.458
2.049	0.462
2.035	0.473
2.021	0.492
2.008	0.481
1.482	0.469
1.482	0.468
1.132	0.466
1.54	0.465
1.132	0.464
1.117	0.463
1.12	0.464
1.132	0.464
1.125	0.464
1.12	0.465
1.114	0.465
1.109	0.466
1.103	0.466
1.104	0.468
1.504	0.469
1.496	0.47
1.485	0.472
1.476	0.473
1.468	0.475
1.46	0.476
1.451	0.478
1.443	0.479
1.435	0.481
1.427	0.483
1.419	0.485
1.412	0.487
1.404	0.489
1.399	0.492
1.799	0.368
0.949	0.366
0.944	0.364
1.726	0.384
1.708	0.386
1.693	0.389
2.678	0.396
2.089	0.438
2.642	0.444
2.551	0.471
2.537	0.48
1.528	0.486
1.525	0.485
1.525	0.485
1.528	0.485
1.525	0.485
1.524	0.485
1.527	0.485
1.526	0.485
1.523	0.485
1.522	0.485
1.525	0.485
1.522	0.485
1.522	0.484
1.521	0.485
1.521	0.484
1.524	0.484
1.527	0.484
1.523	0.484
1.523	0.484
1.525	0.484
1.522	0.484
1.525	0.484
1.527	0.483
1.527	0.483
1.523	0.483
1.735	0.483
1.735	0.483
1.525	0.483
1.734	0.483
1.733	0.483
1.525	0.483
1.733	0.483
1.732	0.483
1.732	0.483
1.731	0.483
1.731	0.483
1.731	0.482
1.731	0.482
1.731	0.482
1.731	0.482
1.729	0.483
1.726	0.482
1.722	0.482
1.716	0.481
1.707	0.48
1.678	0.477
1.668	0.477
1.658	0.476
1.65	0.475
1.644	0.475
1.637	0.475
1.431	0.475
1.425	0.475
1.617	0.475
1.417	0.476
1.403	0.476
1.392	0.478
1.384	0.478
1.376	0.479
1.371	0.481
1.363	0.483
1.355	0.484
1.532	0.486
1.522	0.488
1.511	0.49
1.501	0.492
1.491	0.494
3.3	0.468
3.301	0.47
3.302	0.479
