-11.529201	43.428688
-5.801569	-24.4038
-15.412285	1.478862
8.690149	-16.662298
-28.89693	-20.692785
-0.458748	-19.834097
4.256268	-16.250004
16.094624	36.41787
17.178349	-22.754517
17.516989	-21.464619
7.74695	2.854902
4.350468	0.579643
-24.431135	-11.840762
3.186026	-25.699358
-3.270897	-18.54718
-1.199395	4.166695
14.427753	16.297295
14.221228	15.571386
21.896217	19.07582
-9.358854	6.903929
8.915307	-30.518007
19.121832	-4.98555
7.314332	9.030638
6.305223	-34.862213
18.960173	3.593585
-0.539853	-25.888655
0.339836	-13.565052
5.298196	11.148721
-28.88926	8.328138
-32.00663	8.806887
6.467629	-30.605688
0.417441	16.782768
13.301997	14.184258
-23.42317	16.085564
-5.641547	-16.727228
-4.651154	-28.89636
17.208681	-31.116167
20.113611	18.89172
19.64269	-31.53168
-37.38143	-1.304077
22.137218	7.219763
-21.22425	5.400608
12.442895	13.175188
14.192923	-36.502865
-15.31506	-35.532253
7.349211	-30.933222
18.207405	-23.832668
13.498661	-2.588752
-20.707209	6.340163
-29.531326	-21.686699
-21.48386	-17.631401
0.947992	-31.41616
-9.510898	-22.895807
-9.510976	-22.895702
13.921845	-9.774659
27.783602	6.207273
4.284044	8.061413
-20.399479	-36.974827
-36.399956	22.380358
-16.951967	-38.32008
8.316916	-16.710964
3.73738	-4.65822
-28.491108	23.269152
0.36957	19.414495
17.66266	-30.69979
18.089367	-29.974976
-13.340037	-30.744328
4.198258	10.428665
3.042523	-29.459946
1.500293	-24.353004
-7.010219	6.068592
32.30908	-0.961194
-1.072098	-26.307886
-4.122654	-8.077389
-3.777266	-8.259776
10.873321	-21.894728
12.865099	-25.801758
12.865404	-25.801786
-14.094258	-17.923159
-27.596691	-32.91571
18.220175	3.987197
5.875368	-30.42141
25.292648	31.532114
-4.30144	-21.282633
11.883219	6.044567
5.81361	-27.715036
21.208593	-0.121644
-29.770489	-17.186913
-3.890577	17.034254
-3.883994	17.003815
8.936944	23.83883
21.97504	16.667633
24.349144	14.816269
7.268919	-34.831627
23.53602	17.357908
0.727409	52.175087
14.3704	-20.692497
12.126995	24.156208
23.404955	19.342062
-19.967619	-35.178917
10.61832	21.309242
11.747393	21.258017
24.036043	25.329786
-10.511758	-33.07334
-0.275191	-27.796824
7.452154	-13.528416
-34.47542	14.88601
14.006719	35.0064
-1.972407	17.087948
-5.206832	23.028967
1.397144	-16.166887
19.625402	16.083632
9.522887	-9.617771
-4.306353	-18.823036
-28.575962	-19.820208
-2.342867	-20.808493
-15.193665	-32.01864
-8.315401	24.429932
32.694073	-16.533964
-33.48803	-24.734673
19.030617	-22.938198
5.449236	-2.441958
7.421672	-32.247356
7.744183	2.419574
24.19646	17.894346
-23.76097	-8.295413
4.672974	-18.445929
9.322982	-12.852913
-0.272317	-19.036045
-4.170061	-29.46222
-24.710596	-17.053236
23.878616	23.766075
10.836456	-34.657513
-22.859283	11.476867
9.985415	-33.572037
4.19164	-1.359598
-33.227028	-20.45568
-34.75747	-7.914785
-34.879677	-7.878538
8.806472	-26.463537
-25.092796	-32.52019
-1.033876	-16.715588
-24.225956	-28.31128
5.336872	-18.404888
4.634212	-23.630243
4.778986	-0.695583
-24.66253	-4.358783
18.572544	18.522598
1.310894	-24.90807
-25.366562	-3.851632
-12.389973	-18.00372
-11.550744	-0.152377
-2.842626	-13.067312
9.749983	-12.283948
-0.597377	-16.429628
8.728367	-23.42713
-4.26602	-34.376575
2.331144	53.592873
-38.54383	27.172644
17.284657	-31.722792
7.09114	-14.694133
-31.568874	20.52655
-27.048635	-18.280779
23.490973	13.965588
8.972212	-10.888313
13.529065	-17.666418
-1.91233	-24.66608
-7.003224	-31.366386
-5.363208	-0.783656
22.417698	17.779383
14.918725	-13.159791
19.237024	-10.646153
11.746716	-30.144758
16.945326	-29.742975
-13.385974	-27.258112
21.028177	3.910421
2.327367	5.764317
20.12823	-11.253799
1.678165	52.585636
-3.688568	-19.962627
21.208996	6.896182
29.318869	-24.02411
-30.828539	5.322992
-23.651999	28.658161
6.714716	-22.015205
35.354664	-14.189433
9.184176	-11.919757
-13.229697	-32.965595
8.843518	-34.925728
12.882538	2.013131
-6.149394	6.893994
2.521312	-23.463942
7.04142	-12.348354
-2.680749	2.608325
7.329478	-10.554575
11.823665	-10.576043
23.188158	12.475078
17.910698	-26.653036
11.97228	-6.996995
2.293233	8.03385
1.044698	52.16789
-0.050848	-7.751998
-8.223082	-1.107861
4.024391	-19.263718
4.805592	-25.495274
-12.954204	-34.936657
18.288414	-27.588411
11.542274	5.809954
8.507646	-14.469616
-8.509547	4.885708
22.450073	9.728552
-0.266014	14.72993
25.128868	12.964449
10.322293	-24.567196
2.028925	-1.029963
-4.652816	-7.38291
12.624142	-7.044356
23.14774	33.347076
4.569829	-22.13266
17.006134	-32.63081
-4.92296	3.49141
-3.674398	15.456049
-19.573265	20.4094
0.807474	-5.067732
-13.348042	-17.262083
-0.145482	-7.224252
8.897923	-31.837248
6.02642	-22.602535
-22.322186	-18.592829
-22.948277	-17.995426
12.404206	19.543856
-22.23615	23.362558
19.025263	-26.918152
11.271246	-0.715697
14.696058	14.797882
8.684019	9.99985
-16.394962	19.892897
17.372623	-20.824926
-10.474033	-27.784452
-10.401853	-27.96319
17.424307	6.131796
-9.267629	-5.256659
-9.267629	-5.256659
-13.122398	12.129905
-13.122592	12.12994
-38.158897	10.305548
-38.158974	10.305459
-3.470976	-11.255021
-35.429634	0.166884
-7.492316	-10.709576
-7.492301	-10.709541
-8.013031	11.162378
-8.013013	11.162379
18.318068	-2.6247
18.318066	-2.6247
14.453864	12.121258
9.074928	3.903726
9.074984	3.903782
20.972511	-24.669722
21.176933	-26.565449
-38.36253	13.616997
-11.383838	11.558351
-11.384796	11.55837
-40.798347	8.629002
-5.796264	10.146022
13.889562	25.872936
13.889552	25.872976
-2.087661	-34.02271
-2.196894	-34.19529
1.55681	6.895838
-7.471612	-26.762083
-10.585606	-25.907564
-10.585611	-25.907495
-39.832413	11.812858
-39.832413	11.812858
-41.153297	18.210487
-41.27155	18.095753
-41.271656	18.095726
-17.783182	16.728567
-17.352587	16.34277
-30.183926	17.191618
-25.58497	-28.475706
1.626192	-8.2875
18.726448	-20.462873
27.85994	22.343431
28.002653	22.320383
27.899906	22.665867
14.62444	46.617435
-24.735136	-19.757908
-3.758598	-9.51156
-3.758594	-9.511603
4.766328	-33.009987
4.76636	-33.010147
-14.699808	-0.175364
-5.302786	-17.72616
-5.304	-17.72718
9.820915	-26.12844
-21.6724	13.767294
-21.67217	13.767235
24.040968	-26.187023
24.051392	-26.19975
-26.752392	13.436404
-26.752438	13.43637
17.36485	7.542254
-5.440788	10.090046
-2.909189	-4.263918
-41.712303	-16.288843
-11.556307	17.839516
-11.559986	17.840534
-37.71578	0.444557
-37.716038	0.444557
-5.857997	-15.79183
-36.085045	11.184626
-13.763219	-1.918606
-29.439188	-27.73235
19.000397	12.082553
-41.79688	-21.475185
7.67086	-2.555551
4.009356	-20.912695
-23.765097	-4.81457
-0.417627	-30.476536
2.681874	-29.545921
22.420979	13.120522
3.833223	-23.8989
9.252017	-32.732716
23.85786	15.593902
33.257523	1.301482
14.291502	-21.241913
-10.711705	2.898075
14.984283	5.076048
-1.328917	-19.12452
1.417339	-27.154413
17.730618	11.22268
-29.020323	-11.835916
-29.818897	-26.430014
-27.850443	-31.307503
14.735767	-10.471741
-38.122585	23.121212
16.06301	6.460718
-42.967026	-23.785002
6.885575	-4.970062
-5.525456	5.759743
-9.415841	24.380102
-11.428224	0.487092
11.814304	-29.506039
23.471893	12.607371
-2.41554	-4.599576
-2.41554	-4.599576
10.672565	-11.897064
-28.886528	-4.914686
-26.519192	-9.571531
-35.66614	-7.04049
-42.78922	-21.84108
-25.167213	-7.885729
11.455638	-8.717623
10.62987	-9.833179
-5.965874	4.201783
11.207929	-8.821466
14.239303	-0.884353
14.239303	-0.884353
-32.944477	-11.492678
-8.556115	-11.251726
-25.144823	-30.039644
-4.567026	-19.346
-13.454324	-31.549875
-1.112111	-34.162373
20.62658	8.944077
-40.50718	-24.99035
7.349668	-25.812654
-12.240863	-40.857296
-14.498919	-10.913562
-35.65661	12.133133
18.863888	20.297842
-32.47953	-1.345985
15.66104	-11.972841
9.991048	-3.251455
11.420655	-11.561096
15.785245	-4.909455
9.64012	-29.488424
-7.684689	-0.376387
-18.54867	21.07562
-18.053562	17.121536
-18.155155	22.601202
10.685362	-2.889311
10.685362	-2.889311
-33.387424	-9.706998
-32.890533	-8.848156
9.567622	-25.060358
-13.668705	19.340527
-13.034382	-36.02457
11.428126	-31.69003
-12.071805	-31.975626
11.428152	-31.690056
-44.4705	-21.43909
-17.500372	-33.782143
-12.693747	-37.70129
-20.378708	-16.506289
17.537516	-22.074371
17.090025	-21.799768
18.832405	-25.89994
22.273474	13.815762
25.120623	9.947933
-10.212276	2.479938
-13.894158	-37.996872
-1.002162	-6.76876
-4.288168	-30.106226
12.716515	-26.869375
12.713504	-26.609837
12.360498	18.50143
-34.4335	-10.769913
-27.56377	-21.74701
15.428141	18.640158
7.777632	-35.546066
2.563398	5.368582
33.86141	2.010567
-9.332065	-1.360248
12.075904	24.783482
24.09561	25.949179
2.113882	0.61877
6.416128	0.508118
3.153575	-4.55712
7.192752	0.813904
17.586899	15.612881
20.212738	-3.012724
0.95142	6.711936
-8.23766	3.028895
-8.047112	3.092854
-3.539379	1.826208
-6.480433	-4.915892
5.254062	17.716455
-20.475613	-37.001884
-21.633924	-34.912632
-30.47013	-19.62923
-0.153407	-23.758904
20.099861	4.301276
-37.618763	11.443531
-2.73897	-6.918038
-41.450943	-9.94389
20.47336	-0.676678
18.846851	20.888641
8.908032	-29.227892
-18.792982	-36.810555
15.473548	17.081785
8.73344	25.638727
13.629272	-20.178883
-0.210152	-25.014303
-6.280474	5.924853
-4.404505	3.109359
-14.526595	-39.532654
-21.388351	29.089117
8.481866	0.534731
-42.988804	-22.354193
-37.778713	21.815561
-0.549544	-24.844954
-40.58419	-22.156301
-9.68277	-5.761484
20.676096	12.524287
21.485498	6.633844
19.452166	25.186382
3.3954	8.025454
-40.205578	10.309183
-40.676617	10.402434
17.91636	15.001438
4.897814	51.49907
5.409394	51.61306
5.15562	52.409943
5.792798	51.295326
5.196816	51.347214
14.136604	39.412067
-13.268076	-1.648229
19.509102	46.66091
17.612173	37.17586
13.612191	40.281006
15.117558	44.848003
16.668674	44.04114
15.91685	44.29191
19.126528	47.406544
20.102491	49.29687
21.467045	36.748535
22.07781	49.290775
17.223715	49.274136
20.464624	19.737862
-2.27655	-8.973305
17.190994	48.723328
13.965534	43.04639
23.714846	-30.25604
22.623983	8.24543
14.712555	41.96909
14.632107	42.017494
16.193762	42.180805
15.302403	42.67917
15.661122	49.50254
15.105019	49.929985
15.311481	49.508167
-11.853226	25.75929
18.281345	50.30152
-13.15888	27.37292
19.360016	49.45057
17.107227	45.608166
17.4765	44.985676
14.870098	44.506207
15.277948	37.642273
18.374788	43.92323
24.510956	46.293182
19.392452	41.99695
20.342926	40.7357
19.18913	45.395374
21.948439	39.839817
16.778496	41.24724
24.285395	48.47051
-23.759441	35.268875
16.68071	39.457165
25.67654	45.3732
-23.7494	35.362553
22.097736	43.45808
12.980947	32.720604
21.402473	44.332577
19.280884	51.007896
20.823334	41.99464
21.752584	48.38833
24.355852	44.871765
17.90142	40.515995
18.190409	45.70481
23.577023	35.23545
20.019876	49.085175
24.648144	42.243263
24.827932	42.590504
22.767483	40.92397
17.442505	40.62764
19.238747	44.161663
18.538986	44.632767
21.220108	40.597225
23.567907	49.208244
22.816147	29.347021
22.671387	46.89548
21.137182	45.13075
19.750954	45.035507
23.552935	38.10162
22.357054	39.580654
21.937866	43.099087
23.69006	44.58704
23.839811	35.972267
19.582693	41.426723
17.120243	42.940353
26.6002	28.078873
25.676508	45.373226
20.507372	42.022236
21.651514	37.357635
11.847503	45.210373
17.789642	35.182644
10.082081	42.095444
15.753022	31.88073
19.535332	-10.499204
22.35663	31.556717
16.769485	31.690207
25.14128	15.719785
21.815447	36.014214
-5.756602	-38.006214
19.521841	27.024996
20.448614	47.11421
11.299296	45.53605
20.372358	28.292234
16.917871	29.11429
22.649113	47.17283
11.484462	46.30254
16.991549	35.25101
12.380582	42.296787
7.814204	28.943766
25.372522	49.354477
25.20892	32.548306
-6.427228	-37.62443
7.008973	35.35668
17.433224	31.516788
-25.370558	31.658028
17.418028	33.68186
20.566336	35.21196
24.172935	34.04348
-21.22098	33.242775
33.028576	-23.45776
21.355062	38.911266
23.078817	50.88579
23.148367	50.76173
18.09431	34.13555
16.113562	-9.834061
1.561118	52.172478
25.081953	-10.363328
34.34142	-3.196808
9.780298	-38.71021
19.932608	30.261257
13.121704	43.133217
16.661375	34.475674
21.536238	49.535732
12.372607	11.534451
8.510563	33.834206
23.733536	39.534843
-26.488766	31.236849
22.802727	34.27065
20.054394	29.534832
31.781036	-12.201564
35.14323	-27.925158
-41.5749	-22.579342
40.95952	-19.221981
34.63985	-22.109678
35.51712	-12.590538
35.61272	-10.26907
31.348877	-24.071642
31.534689	-7.972644
26.69112	-10.018781
-42.372456	-19.307013
30.265196	-25.734016
30.888588	-21.805273
38.339096	-13.979945
-34.200226	-0.113715
40.09934	-17.001442
30.484394	-9.721782
38.687786	-27.480593
24.405043	-14.275489
38.277893	-23.342619
-30.83482	-14.891049
36.574295	-18.41494
31.392855	-25.576227
30.1658	8.392696
25.155943	16.642443
14.557026	27.57007
24.220566	-7.441528
29.59653	-22.871878
28.473541	9.132565
34.588985	-25.74514
23.418837	-5.806845
37.695232	-20.855745
31.48466	-13.627032
37.619408	-25.34369
37.701668	-11.565104
30.965385	-10.972232
25.42409	-12.164058
34.312744	-26.499922
41.82165	-25.568628
26.32534	-14.336051
5.321574	26.90555
5.970946	27.64727
37.72804	-26.349384
35.72375	-8.907454
37.926174	-13.82755
25.023693	-14.638624
38.249996	-23.646797
36.172886	-21.535522
32.707012	-22.592417
31.800001	-8.980759
31.800291	-8.980482
35.173664	-20.858734
28.061531	-4.215173
31.795376	-20.200232
33.099823	-19.239244
38.29537	-11.802916
-37.2926	-11.951094
38.782314	-25.285627
30.181707	-16.440907
14.497849	32.363934
26.083553	-15.021557
-27.041395	-18.826172
-19.021032	-31.46634
37.460117	-11.088453
30.843042	-13.011548
31.947826	-22.142378
34.904003	-28.840649
36.969482	-24.557892
36.895206	-24.562576
-24.118654	18.849367
30.29589	-8.000568
36.67504	-21.912823
16.047846	-12.850249
24.944786	-8.158854
32.991898	-16.9035
4.157499	29.686695
35.008953	-19.554134
39.506004	-26.801893
0.218853	15.870753
3.304346	27.77967
39.544964	-16.772207
33.9686	-18.664715
36.375305	-18.666039
32.900303	-14.288376
38.218513	-14.428826
19.890156	29.231512
39.171997	-28.249714
25.882927	-9.912766
32.83734	-4.894421
19.88373	-6.556744
35.180836	-21.677551
26.518969	-10.761251
9.94277	27.729767
23.86524	-11.5091
23.169859	28.413172
1.900282	51.60685
36.121605	-27.206867
27.140198	-16.539541
-31.510984	-15.945377
4.787297	27.545944
26.996178	-16.150377
40.402664	-22.792889
41.00405	-22.967579
34.094242	-23.559599
2.959576	26.412025
15.33259	-6.965368
38.43699	-21.056793
40.977287	-21.977377
1.03572	-15.953109
3.083306	-17.905361
-34.011307	0.877676
33.75962	-5.279277
24.504475	-3.463337
5.677879	25.62365
34.78185	-13.733882
-12.387328	-16.68663
37.128918	-16.2625
39.187595	-23.998758
-41.415253	-12.320722
-40.641	-9.887727
27.681854	-14.139549
31.75673	-10.716813
20.238535	-3.913428
29.439154	-9.851573
36.05118	-8.391072
28.361698	-12.004979
13.343316	-37.337215
2.886834	-18.260523
40.806736	-26.265572
31.053146	-14.488805
23.337791	-11.824168
38.852886	-15.363125
34.328632	-20.153585
31.61233	-7.094108
31.409813	-5.844944
11.986894	30.544756
3.655308	26.160833
33.304657	-2.687068
23.750422	-14.648443
38.58237	-25.887918
15.433234	30.785482
33.070786	-10.384026
-25.519436	-19.309776
30.77176	-24.252457
31.844719	-25.639406
10.398297	27.058796
34.315853	-1.125643
34.638626	-24.18247
32.70608	-11.513398
20.536612	21.555895
27.884937	28.662844
34.61238	-5.331191
36.474895	-26.08848
29.339573	2.012282
19.912329	-32.201473
-11.289999	-38.30998
-16.293928	5.329815
29.419561	-8.445409
28.522549	-8.665978
11.038996	29.59464
24.586302	-11.576888
-34.730064	0.925744
40.041798	-25.67946
25.383726	14.103086
1.571692	15.950533
21.083954	18.48584
-34.40141	16.940582
-33.63318	26.110178
-12.146603	15.489801
-18.552992	18.31487
19.011969	25.905085
-27.19781	20.885984
16.793669	19.223608
-38.194427	28.17029
15.299056	35.016094
-19.305325	22.45025
-12.791115	19.83185
-34.040745	26.557476
-34.097122	14.890823
-25.209644	27.99598
-35.128357	25.418373
-5.53005	-2.893098
-33.280106	19.557535
-16.034578	22.478394
-28.901913	21.732964
-10.956398	22.20266
-27.817854	23.670353
-29.110954	17.985384
-24.59869	21.101992
-31.440006	22.8358
-11.707294	15.970858
-11.160138	46.788494
-2.685686	-18.427778
9.312731	29.430141
19.358843	43.00332
-34.807495	21.307007
-10.687907	24.495173
-29.963348	18.161634
24.147621	-31.315643
-4.84425	-13.24972
12.238117	30.074705
-20.616322	23.18557
-12.589497	26.166824
-16.132208	25.321352
21.028322	11.0839
-28.146751	27.608734
-13.466753	27.447432
-27.267012	26.135565
10.12874	29.666103
-28.188435	21.424616
-25.212534	28.51375
-30.169786	21.630836
-21.040821	25.438705
15.390716	33.102703
15.989512	33.427067
-16.691952	3.915049
-14.530858	24.270958
-3.057999	-34.28952
-24.733082	18.224577
-32.231377	27.060177
13.081901	28.455181
8.246046	28.23501
-30.56486	19.945925
-29.715849	25.916937
-33.025497	17.195452
-36.733196	23.678389
-28.00935	24.836485
-32.506428	18.179522
14.582399	38.501305
-28.70668	17.871647
-9.424067	6.96195
12.910334	-24.783781
19.738276	-26.558558
17.738464	5.049996
13.008919	-24.941874
-31.473186	31.377228
-17.780756	-38.64019
-30.884176	30.169617
-16.68441	22.155745
-26.862312	28.710451
-35.13013	21.824701
-3.374434	7.211357
-34.023506	25.623013
-37.32365	25.23933
-28.763733	28.933268
-24.583284	22.152893
-33.927475	24.897064
-26.055973	21.200436
-20.807499	20.889235
-24.18231	19.89154
-36.05189	27.525202
-34.002995	28.761139
11.513083	18.242695
12.987755	-36.316757
-8.89403	17.591972
12.823201	15.155209
23.884695	16.296587
-26.594353	16.485966
-29.94916	20.936756
-30.13123	11.298409
5.507084	-31.947886
-33.104847	25.481403
21.544247	8.72549
-23.135391	30.439169
-26.432287	18.684046
-34.00618	27.687822
-27.712547	20.200472
16.925634	32.37323
3.85123	-27.09134
11.330665	44.416748
-18.020245	21.21138
-28.941845	23.293064
-13.224996	-27.293524
-22.74427	19.257954
-34.022614	23.36813
-37.36542	23.211142
-17.221498	23.943151
-29.871996	10.222102
-42.001617	-10.42795
13.312204	23.172407
-31.384386	30.807318
13.133503	12.421851
-36.51354	28.9473
12.854631	23.978115
-11.509386	24.75259
-35.07549	13.257864
-16.620577	13.097122
9.869197	-24.24475
-6.453782	10.151834
-3.451189	6.316778
-35.174736	24.626944
-12.860942	14.658894
-11.634348	46.17148
-1.715167	-27.450735
-21.915104	25.569036
-1.62506	2.796321
-25.980322	9.760149
-40.906517	8.282819
-14.816804	9.660603
-7.971797	12.381564
12.607092	16.04411
-11.447056	18.916506
16.94732	18.66681
-22.56338	25.01195
5.829336	0.554669
-35.607067	12.51687
-11.785887	16.541084
-18.874298	27.324654
-10.334246	14.667908
-20.430887	24.425312
-20.93186	27.115116
-24.747774	11.844458
-22.235777	27.715193
-16.653854	20.16402
-29.686874	30.32552
24.66268	10.791436
34.087147	-0.442241
-27.122492	6.990704
-12.222655	-17.887814
-33.310585	17.962421
-32.799202	25.885498
-22.811268	17.79045
12.457739	21.909636
-13.317262	-0.454485
-34.679016	28.456303
-18.05593	26.215536
10.482634	-0.007022
-14.107043	19.524155
-35.791946	22.895903
-22.840942	12.365515
5.42294	-24.079355
-18.94472	13.386267
-18.883204	23.65799
-25.32186	10.763825
-25.010866	24.29822
11.264931	39.91491
21.807648	32.9208
29.766537	-6.333575
10.603063	42.272587
8.833516	-24.167315
-9.020181	-35.775772
-21.260208	26.444817
-35.579815	26.158941
-21.822838	14.506533
-31.483515	13.245945
-24.543097	14.606762
15.23759	36.63369
-9.929848	23.377853
-18.074678	10.616399
-15.697687	-36.37598
4.794856	1.0806
-12.096939	43.50034
-24.784424	29.554956
-1.719726	10.110559
-29.418884	30.887543
-36.902027	27.502487
-2.000688	14.579687
-33.71412	22.905878
-17.908716	26.087269
-23.586395	13.601155
-1.569798	17.823835
-18.957193	13.036097
17.63611	14.205605
20.3397	10.834098
-5.696766	-33.238586
16.747269	30.66455
-35.26774	19.740925
-14.421846	13.049885
-10.816326	-1.671224
-26.828962	21.964394
-22.279581	9.96945
-26.432789	22.745415
6.319097	29.871172
-25.583452	21.855602
-27.297785	29.436026
-31.158527	21.2416
-26.645628	29.72638
-26.732689	23.368294
-5.688654	2.996472
25.00671	15.311494
-23.065811	14.518785
24.042082	-8.488961
41.082394	-25.029161
-16.047583	12.467861
-23.202297	18.346085
-37.519653	20.393816
-15.896123	-40.93378
-16.17584	23.67488
-33.590645	-8.763677
-27.148783	31.00963
6.083522	4.958248
-42.313793	-10.546411
-14.630344	-3.923637
-19.30375	27.08048
-1.304038	15.246185
28.194061	9.452503
-34.12233	29.181768
-12.811771	-2.086471
25.797384	12.579263
23.633387	10.149537
27.78386	6.343296
-28.394026	26.543432
-35.443676	26.718512
20.351652	-27.537563
12.39336	-30.849064
-18.680304	26.263796
-2.79059	0.686184
7.546788	-0.39075
-19.825684	-17.934982
-5.484448	-20.173433
-7.101925	-22.67881
12.368441	-1.304664
-3.700547	-16.320662
15.725904	18.102146
21.527248	-3.411172
-25.334518	11.973261
-30.93723	4.455314
-29.506783	8.223835
-7.242828	-38.352364
-33.163177	-10.398649
2.957128	-25.391277
-31.081205	-8.246705
-35.193398	-25.31075
-30.289927	-27.323795
29.992626	-12.706361
-33.630966	-26.152155
-33.376484	13.404784
-42.788025	-25.189405
-6.635412	-30.775225
16.17344	1.166809
-17.281645	23.289116
17.699104	-28.98132
19.054232	-22.263765
-1.429198	-23.026695
-19.743036	21.361046
14.951519	15.421872
35.521404	-13.034391
-34.739426	-26.0186
-38.950115	-18.54617
-0.593455	-17.648483
13.774826	-2.485126
-33.700455	-0.946755
32.620018	-1.053677
-7.588806	-35.781635
-28.762295	31.736908
7.953534	-12.436598
-31.792328	-19.771538
11.600489	5.182868
-17.48777	-29.798962
-16.442015	-25.618118
-13.761312	-16.421099
-9.971833	-31.168156
15.387112	-5.029947
24.239725	15.925473
-4.928408	-9.52273
-0.176491	-36.863243
6.773088	-28.171236
-33.05525	9.012273
7.584995	14.36336
-7.44796	-39.247383
7.207995	-2.221267
-16.575527	-27.476015
-25.044613	-28.136053
-6.779203	-35.34902
-14.053863	-38.43033
-26.092924	-7.167765
-8.696154	-37.828922
-23.708923	-3.909172
-13.82184	-21.524967
-2.188553	-30.536322
16.992365	1.450506
7.800172	15.458331
-42.729713	-9.165659
6.207798	-5.4871
21.908428	-28.570484
1.189181	-34.54871
-36.503567	-11.100276
-25.505655	-12.726297
-33.541267	-22.844769
-43.181072	-20.808592
-10.616614	-26.76912
13.797446	9.804922
5.106376	-13.405277
11.739098	22.558107
-22.160975	5.01051
-15.332932	-37.14253
16.225904	6.055498
-14.550613	-35.419567
-15.7655	-11.427413
18.419653	8.039798
-21.662584	-37.01459
11.08696	-21.66152
-21.673237	-12.047945
31.147892	-0.037312
-32.668495	-24.945734
12.588777	-0.46286
12.44839	-0.506264
-29.423676	-9.950657
-40.795555	-10.303469
-0.504955	-8.402946
9.818498	-35.315807
2.657658	53.37496
20.171717	2.945976
-20.725996	-17.490696
-22.933765	-22.9453
-9.522102	-29.240175
-9.52195	-29.239191
-37.559433	14.439432
-37.559395	14.43946
-23.910719	-9.444688
-24.1538	-3.481564
-15.287802	-22.343325
-0.440423	0.099068
-2.310562	-26.431652
-0.440423	0.099068
-24.638643	-7.324544
30.640541	-0.444779
-29.434278	-18.266718
-14.160741	-4.629653
-11.797041	-33.425446
-23.211832	12.273688
-23.211832	12.273688
-15.724825	-34.712887
-15.653097	-34.391216
6.271523	-0.95834
6.52719	-0.715303
-29.340239	-24.828264
-7.90717	-9.705825
-33.764935	-10.798286
-19.662247	-27.822048
-16.313257	-24.89095
6.058294	11.350708
14.251158	-6.06861
-10.875929	-18.242367
-3.78902	4.044015
-22.386377	-19.525785
-29.580353	-20.065992
14.393003	-11.862203
-42.26303	-22.770554
-31.789164	21.272738
14.991401	19.787144
-2.78323	-25.05541
-27.414576	-7.623817
-14.819513	-29.819742
-14.771534	-29.914509
-32.87141	-16.68092
24.670313	-32.696053
-37.974564	-17.796438
-23.596363	-8.260306
-2.40904	16.152353
18.046055	30.070986
15.338098	-6.289252
-20.50796	-12.506007
32.081284	1.883637
9.913786	22.6307
11.927835	5.525662
-29.26046	-29.956522
-29.187616	-24.779898
7.169301	19.282969
-35.351906	-9.66351
-29.455868	-30.461086
13.025868	-38.006023
-0.992482	17.384657
-24.99572	18.416645
-1.657171	-11.182157
5.531515	-7.798558
-29.375273	-6.072861
-32.991432	-12.362274
-6.676664	-36.89049
6.789098	13.50323
14.730572	10.01733
-4.851547	-33.829906
-11.950978	-29.008295
3.204324	26.922802
-29.060232	-9.342059
-31.620428	24.869299
-36.80605	-19.04721
3.970739	-28.368538
-11.846927	-23.705347
-19.543037	-38.41795
31.910517	-15.149424
-10.521107	-36.332108
-14.045416	-28.573214
-38.226414	-15.50667
-41.094227	-23.890537
-13.669056	-20.149588
-1.954218	-32.48514
-12.834364	29.47608
16.800306	-33.320293
-31.214655	-18.587189
0.282703	-17.89172
17.613068	22.797798
-42.239216	-11.203202
25.61175	33.15716
10.012224	43.60093
17.56569	29.44945
-16.17996	-30.583738
2.744228	51.264023
-0.34111	-5.555324
-38.046017	-23.43509
-34.773216	-22.809393
6.536186	11.360713
-22.362509	-32.183514
-21.939142	21.963884
1.513336	-33.867767
2.896306	10.331466
-33.741325	-15.97574
-5.752075	-3.496788
-5.883166	-18.645077
23.848673	-3.267166
-2.874061	-31.066296
-30.558098	16.477886
-32.76751	-18.72721
8.401553	-38.059334
12.339244	-12.594254
-7.662685	-31.586197
20.455574	-2.048593
-27.785198	-14.327079
-19.630753	-34.488297
25.667948	8.751924
-1.811532	5.229181
32.058	-13.461825
-1.83044	-6.488066
-11.812437	-19.6989
-11.124217	-33.185375
-33.362503	20.868637
-26.327911	-5.35212
1.953036	-36.334896
-17.886065	13.100885
-19.25808	-26.97934
-30.216646	-29.812902
12.86827	2.028953
8.97319	-2.313648
1.227298	-18.267052
10.430962	-33.637478
-16.426912	-33.639744
-0.066649	52.16865
-24.707804	-15.364436
-30.589474	-30.729347
-23.277649	-15.295711
-33.303032	9.106991
-34.69199	2.493572
-23.663258	-32.900826
9.366043	-1.69433
-4.491546	-35.74744
-38.499332	-16.83684
-25.659609	-7.899526
-35.279194	-19.609568
7.838032	-29.450722
5.242965	-13.201603
13.002659	-10.026772
-40.189667	-25.98962
-37.23705	-23.036295
-11.601216	4.48717
20.98643	10.464014
-16.136263	-28.476913
-15.289371	0.258351
11.01074	0.545292
-19.731455	-12.795259
-18.875853	11.489992
-41.674934	-21.087505
-28.992273	-13.838181
-43.709465	-19.899221
-24.819601	-6.96016
-16.900627	11.301596
6.056143	-5.805602
0.687984	14.616749
-4.019834	-30.972889
3.565967	-12.039676
-24.612953	-6.094656
-36.334793	-18.863506
-12.029949	-27.916983
-0.111803	-30.844698
2.271154	2.228442
-23.312092	-16.89652
20.82936	-29.58
-0.883756	2.942202
34.6975	-6.206937
-14.642165	-21.531088
-36.956745	-20.711891
-5.85166	-1.824718
-22.854712	20.594002
21.120726	-28.410069
-14.024394	0.070399
-30.862656	3.754649
-0.423897	-9.82974
23.734255	23.125599
-15.513083	-28.676962
-23.278616	-6.799083
3.428756	5.337134
-0.475566	4.156945
2.065095	-23.15623
12.725571	-36.70883
19.866016	9.512522
-37.452534	-1.982629
-4.308484	-33.52295
-13.393241	-36.57332
-2.507468	2.91371
-6.180698	-1.741984
-14.249128	-10.626095
-1.314238	11.09768
-27.14669	6.463598
15.812243	-30.98186
6.281514	4.673396
7.544351	-32.25077
-11.85945	-30.290115
-19.623905	-14.940938
-22.123392	-33.477238
-9.506269	-36.10362
-0.692937	15.261022
7.926922	15.314569
-26.343706	-4.612365
-14.009566	-4.738828
2.13569	-31.9222
6.118352	-22.96381
-42.342484	-25.647936
-12.539058	4.070302
10.350454	-10.69119
-10.994535	18.6213
6.280075	-12.539832
2.292143	-12.291442
24.757467	6.14847
-13.199523	-4.701829
-32.325478	13.411376
-12.011159	-20.45834
-29.929544	-14.198328
-25.746817	-29.142544
8.506197	-38.061077
18.581493	-29.426622
-1.047821	12.125232
-43.73593	-21.164377
-15.70463	-40.955727
-43.145443	-19.942781
34.47482	-1.524152
-44.6793	-21.996332
-39.488937	-21.410887
-21.36169	29.95583
-4.849762	-7.91503
8.140458	-34.08811
17.04059	-19.56836
20.346216	7.748076
-28.679834	-27.638912
3.408504	-15.711224
-7.411563	-22.771444
-25.166937	-5.259566
-15.524912	-2.404984
-29.675255	-11.605999
20.535837	-28.30037
-24.91209	-30.942766
15.914945	-7.430956
-7.838579	-38.16078
-41.691772	-16.093414
19.405184	-24.67952
3.474243	25.712038
7.826338	9.232303
11.045624	17.625998
-31.231674	-17.953371
-28.4659	-33.030975
-29.890436	-8.887778
-2.967148	-24.02014
12.513418	-12.042581
28.020882	-4.221206
20.847538	13.038699
0.435928	-4.98831
-11.009192	-19.45473
-9.26525	-15.412931
-16.804743	-11.819917
-18.842203	-33.410816
-1.1907	-32.363007
-34.20337	-22.850117
24.347885	-32.22562
-19.951035	-13.069947
-27.861404	-11.399513
-45.50885	-19.499498
-30.419168	-9.255656
10.925725	24.912169
5.651438	-3.097846
-15.177034	-19.326326
9.748692	-11.348107
-39.548893	-23.024809
-36.47946	-24.338076
17.499693	-24.163265
29.957458	1.65408
20.047546	-1.23974
-0.600118	-28.18919
8.598758	27.380314
-27.979074	-6.178848
19.735374	15.632936
8.11918	16.227718
-21.401997	-11.479712
-30.152884	-20.990852
-39.380455	-26.366411
8.80082	-15.558387
-8.929593	-15.110168
0.944306	-0.999718
-36.37788	-23.366228
-39.769417	-23.703548
0.680654	-2.440829
0.795574	-18.798449
-12.048403	6.087198
-1.328472	-7.04409
-17.957867	-12.007175
-37.240616	-14.10682
-19.882822	-31.271505
-28.584253	-5.60258
-30.183916	11.106538
14.180459	-5.718909
3.217383	0.752683
-25.838339	-3.698518
-32.374264	-20.643145
17.360931	-13.988803
-29.125763	-6.495681
-16.540466	-24.616934
-23.507557	-32.306057
-38.47099	-24.59163
-36.705227	-20.354956
-19.339561	-26.452019
17.576427	7.857301
-35.265976	-8.967051
-17.24237	0.664021
-7.989486	-21.813763
-33.119606	-23.557753
-35.17688	-24.264887
-26.667973	-21.772009
-29.144361	-31.166294
-38.500423	-25.482515
-8.858408	-26.314993
-39.39855	-15.255838
-37.87876	28.60039
-37.704063	-21.824472
-27.197796	-21.706093
-20.985174	-35.54366
-39.102978	-10.562939
-45.20857	-19.44662
-37.295086	-2.55869
-23.20458	-23.026457
-12.407955	43.462063
-11.801556	45.237614
-11.410819	43.32993
-10.749194	45.20101
-10.061546	46.01298
16.847841	-13.77277
16.937166	1.575064
-10.471575	46.30284
-10.840708	44.783443
-12.280208	45.44588
9.251988	-8.131603
-3.462137	1.307298
-19.344105	28.910378
-5.157629	-0.096013
-16.382772	-0.387164
-10.015674	44.812206
-11.449648	44.927917
-10.942012	45.858444
23.374025	34.644688
21.231833	45.64924
-8.525007	-31.942167
13.990991	34.767063
10.823968	39.465137
33.908974	-3.788491
-7.65857	-35.842995
40.75192	-21.517004
13.526763	-11.940853
14.804514	45.92114
-9.272	3.78754
-4.910852	-30.315107
36.046013	-23.16411
26.220646	27.54539
15.347219	40.630318
-19.361122	25.686771
15.140222	43.718033
22.653404	-9.330326
-27.283121	5.945506
11.302204	-4.678858
9.770336	-30.960432
22.574972	29.923365
-3.498651	-29.876905
20.997425	30.305376
7.481482	-3.992746
18.808075	17.35204
20.305174	4.270476
16.028124	17.252739
-13.083725	3.452151
24.309303	-8.391415
35.9731	-24.15983
12.973921	-6.648166
